0.0208740234375
0.01934814453125
0.0152587890625
0.00433349609375
-0.012359619140625
-0.02410888671875
-0.02557373046875
-0.00994873046875
0.015838623046875
0.027862548828125
0.022979736328125
0.00958251953125
-0.012054443359375
-0.0318603515625
-0.035552978515625
-0.015228271484375
0.0220947265625
0.04052734375
0.022979736328125
-0.001708984375
-0.015472412109375
-0.02069091796875
-0.013824462890625
-0.00048828125
0.009857177734375
0.0159912109375
0.0115966796875
-0.004058837890625
-0.01556396484375
-0.01348876953125
-0.005645751953125
-0.001312255859375
0.000701904296875
0.001800537109375
0.002532958984375
0.0093994140625
0.012359619140625
-0.003997802734375
-0.019622802734375
-0.014190673828125
-0.004486083984375
-0.00115966796875
0.008544921875
0.024200439453125
0.0262451171875
0.005096435546875
-0.02337646484375
-0.037445068359375
-0.028106689453125
0.002471923828125
0.0345458984375
0.043212890625
0.02606201171875
-0.006927490234375
-0.041412353515625
-0.051513671875
-0.02752685546875
0.01043701171875
0.037811279296875
0.040802001953125
0.018829345703125
-0.014312744140625
-0.034210205078125
-0.026031494140625
-0.005859375
0.008331298828125
0.02093505859375
0.02374267578125
0.00701904296875
-0.00457763671875
-9.1552734375e-05
-0.00250244140625
-0.0118408203125
-0.0091552734375
0.001678466796875
0.006805419921875
0.003570556640625
-0.00079345703125
0.00030517578125
0.00152587890625
-0.001739501953125
-0.00140380859375
0.0035400390625
0.001953125
-0.006256103515625
-0.006256103515625
0.008453369140625
0.02166748046875
0.017303466796875
0.002166748046875
-0.01385498046875
-0.0264892578125
-0.019744873046875
0.009063720703125
0.032958984375
0.03753662109375
0.026123046875
-0.00079345703125
-0.029052734375
-0.03826904296875
-0.02423095703125
0.003692626953125
0.021942138671875
0.018463134765625
0.009185791015625
-0.001953125
-0.0147705078125
-0.008819580078125
0.008697509765625
0.009918212890625
-0.00067138671875
-0.009735107421875
-0.0167236328125
-0.01708984375
-0.005523681640625
0.01678466796875
0.03369140625
0.025360107421875
0.000213623046875
-0.022064208984375
-0.03546142578125
-0.032257080078125
-0.007049560546875
0.027191162109375
0.042449951171875
0.02044677734375
-0.01641845703125
-0.03619384765625
-0.03619384765625
-0.014068603515625
0.02484130859375
0.0482177734375
0.042694091796875
0.016510009765625
-0.023834228515625
-0.05108642578125
-0.041961669921875
-0.00836181640625
0.031036376953125
0.056884765625
0.053253173828125
0.02935791015625
-0.004730224609375
-0.045379638671875
-0.0675048828125
-0.0487060546875
-0.00128173828125
0.0477294921875
0.075897216796875
0.068084716796875
0.02459716796875
-0.033416748046875
-0.0736083984375
-0.071258544921875
-0.026397705078125
0.036956787109375
0.083587646484375
0.08245849609375
0.03302001953125
-0.027252197265625
-0.06329345703125
-0.0662841796875
-0.0377197265625
0.009063720703125
0.051025390625
0.06988525390625
0.04840087890625
-0.00555419921875
-0.04779052734375
-0.05865478515625
-0.0489501953125
-0.013275146484375
0.040985107421875
0.075286865234375
0.065032958984375
0.01544189453125
-0.04205322265625
-0.066864013671875
-0.052154541015625
-0.017974853515625
0.02349853515625
0.058837890625
0.0673828125
0.04180908203125
-0.003875732421875
-0.0440673828125
-0.05853271484375
-0.044464111328125
-0.01263427734375
0.0234375
0.0531005859375
0.0614013671875
0.03485107421875
-0.01495361328125
-0.054779052734375
-0.060577392578125
-0.03436279296875
0.003936767578125
0.037200927734375
0.0552978515625
0.044036865234375
0.00311279296875
-0.035919189453125
-0.044769287109375
-0.02789306640625
-0.00030517578125
0.02679443359375
0.03765869140625
0.02508544921875
-0.00103759765625
-0.02679443359375
-0.03662109375
-0.0223388671875
0.003143310546875
0.02325439453125
0.0283203125
0.01251220703125
-0.010223388671875
-0.0185546875
-0.0145263671875
-0.007843017578125
0.0003662109375
0.0084228515625
0.014068603515625
0.012115478515625
0.003265380859375
0.0003662109375
0.00213623046875
-0.001251220703125
-0.004119873046875
-0.00408935546875
-0.005615234375
-0.005340576171875
-0.002960205078125
0.002288818359375
0.011688232421875
0.0142822265625
0.006988525390625
-0.001800537109375
-0.01312255859375
-0.023223876953125
-0.017822265625
0.00372314453125
0.02337646484375
0.022552490234375
0.003509521484375
-0.015045166015625
-0.022491455078125
-0.016021728515625
0.003143310546875
0.021392822265625
0.023651123046875
0.00946044921875
-0.00665283203125
-0.010467529296875
-0.0062255859375
-0.0013427734375
0.005615234375
0.00738525390625
0.000732421875
-0.000640869140625
0.006744384765625
0.0118408203125
0.007080078125
-0.005645751953125
-0.011505126953125
-0.00579833984375
-0.00439453125
-0.00482177734375
0.011016845703125
0.032806396484375
0.03375244140625
0.010772705078125
-0.014495849609375
-0.026214599609375
-0.02734375
-0.015533447265625
0.015625
0.045196533203125
0.04150390625
0.006927490234375
-0.025543212890625
-0.0330810546875
-0.021026611328125
3.0517578125e-05
0.025054931640625
0.035858154296875
0.018463134765625
-0.00775146484375
-0.01727294921875
-0.010894775390625
-0.00439453125
-0.004364013671875
-0.00152587890625
0.00787353515625
0.013458251953125
0.01312255859375
0.00653076171875
-0.013671875
-0.032806396484375
-0.024078369140625
0.007293701171875
0.034942626953125
0.04266357421875
0.023651123046875
-0.017913818359375
-0.05535888671875
-0.055206298828125
-0.01531982421875
0.030059814453125
0.04669189453125
0.029083251953125
0.0009765625
-0.014862060546875
-0.0252685546875
-0.034454345703125
-0.0233154296875
0.001739501953125
0.0145263671875
0.02154541015625
0.0311279296875
0.024749755859375
-0.002838134765625
-0.0340576171875
-0.049560546875
-0.037109375
-0.002227783203125
0.036865234375
0.05712890625
0.035430908203125
-0.015045166015625
-0.0478515625
-0.048309326171875
-0.031585693359375
0.00140380859375
0.041595458984375
0.056640625
0.03521728515625
-0.00341796875
-0.03857421875
-0.05352783203125
-0.038970947265625
-0.003509521484375
0.03680419921875
0.0626220703125
0.053253173828125
0.01104736328125
-0.037139892578125
-0.06365966796875
-0.050048828125
-0.002899169921875
0.04351806640625
0.06048583984375
0.040740966796875
-0.003997802734375
-0.045684814453125
-0.062164306640625
-0.045166015625
0.0006103515625
0.04547119140625
0.060394287109375
0.043914794921875
0.005157470703125
-0.036590576171875
-0.0555419921875
-0.045166015625
-0.00994873046875
0.035675048828125
0.06146240234375
0.05523681640625
0.026336669921875
-0.013824462890625
-0.0457763671875
-0.056121826171875
-0.04229736328125
-0.001251220703125
0.046539306640625
0.06683349609375
0.049652099609375
0.001678466796875
-0.051544189453125
-0.0733642578125
-0.05804443359375
-0.01434326171875
0.049713134765625
0.0909423828125
0.068603515625
0.003509521484375
-0.05499267578125
-0.076507568359375
-0.057830810546875
-0.012481689453125
0.03997802734375
0.069732666015625
0.058258056640625
0.02093505859375
-0.0238037109375
-0.061676025390625
-0.068328857421875
-0.041595458984375
-6.103515625e-05
0.04510498046875
0.069061279296875
0.049285888671875
0.00213623046875
-0.049560546875
-0.08685302734375
-0.07635498046875
-0.013946533203125
0.054656982421875
0.086822509765625
0.072906494140625
0.023895263671875
-0.03973388671875
-0.0828857421875
-0.070465087890625
-0.0150146484375
0.035552978515625
0.06182861328125
0.064239501953125
0.034027099609375
-0.01971435546875
-0.067108154296875
-0.08294677734375
-0.0576171875
-0.007781982421875
0.040496826171875
0.073577880859375
0.072509765625
0.022613525390625
-0.04974365234375
-0.09259033203125
-0.077056884765625
-0.016998291015625
0.052520751953125
0.096923828125
0.085723876953125
0.02301025390625
-0.04241943359375
-0.077850341796875
-0.079925537109375
-0.037994384765625
0.03424072265625
0.083038330078125
0.07659912109375
0.030364990234375
-0.025390625
-0.068603515625
-0.082977294921875
-0.052703857421875
0.012847900390625
0.071746826171875
0.09130859375
0.061981201171875
-0.008392333984375
-0.079559326171875
-0.10223388671875
-0.060516357421875
0.021026611328125
0.087738037109375
0.098175048828125
0.058135986328125
-0.0098876953125
-0.075531005859375
-0.091583251953125
-0.048919677734375
0.01177978515625
0.05657958984375
0.066925048828125
0.037841796875
-0.004913330078125
-0.036285400390625
-0.051116943359375
-0.043731689453125
-0.01678466796875
0.013824462890625
0.037567138671875
0.045501708984375
0.031005859375
0.00152587890625
-0.029205322265625
-0.0472412109375
-0.040374755859375
-0.006805419921875
0.034454345703125
0.04974365234375
0.0311279296875
0.00360107421875
-0.023468017578125
-0.045440673828125
-0.038238525390625
-0.00958251953125
0.011932373046875
0.030426025390625
0.041290283203125
0.023284912109375
-0.007659912109375
-0.029632568359375
-0.04278564453125
-0.037322998046875
-0.00933837890625
0.02264404296875
0.0435791015625
0.04437255859375
0.021392822265625
-0.01214599609375
-0.035919189453125
-0.0357666015625
-0.012908935546875
0.01495361328125
0.03076171875
0.028900146484375
0.01385498046875
-0.006439208984375
-0.023712158203125
-0.026580810546875
-0.013336181640625
-0.00152587890625
0.001678466796875
0.00762939453125
0.015899658203125
0.014495849609375
0.00091552734375
-0.015106201171875
-0.021728515625
-0.01739501953125
-0.005096435546875
0.01507568359375
0.031005859375
0.025970458984375
0.004150390625
-0.017608642578125
-0.027587890625
-0.022552490234375
-0.008819580078125
0.005950927734375
0.016204833984375
0.015838623046875
0.006103515625
-0.00518798828125
-0.01458740234375
-0.021636962890625
-0.02484130859375
-0.020294189453125
-0.006805419921875
0.009918212890625
0.02655029296875
0.034637451171875
0.018341064453125
-0.01129150390625
-0.02838134765625
-0.032989501953125
-0.02685546875
-0.001068115234375
0.0323486328125
0.04949951171875
0.0347900390625
-0.007476806640625
-0.04156494140625
-0.045806884765625
-0.036163330078125
-0.013916015625
0.025665283203125
0.053955078125
0.048248291015625
0.015289306640625
-0.029998779296875
-0.06329345703125
-0.060638427734375
-0.022796630859375
0.027191162109375
0.061187744140625
0.06494140625
0.042572021484375
0.00030517578125
-0.047882080078125
-0.07000732421875
-0.04803466796875
-0.0023193359375
0.0391845703125
0.063568115234375
0.055999755859375
0.013702392578125
-0.033477783203125
-0.060455322265625
-0.061737060546875
-0.03106689453125
0.016815185546875
0.048095703125
0.050201416015625
0.02752685546875
-0.00799560546875
-0.03582763671875
-0.0469970703125
-0.0390625
-0.010528564453125
0.022491455078125
0.04296875
0.0433349609375
0.01812744140625
-0.01995849609375
-0.050994873046875
-0.0633544921875
-0.04315185546875
0.00408935546875
0.045257568359375
0.056427001953125
0.03265380859375
-0.01507568359375
-0.05999755859375
-0.07861328125
-0.058197021484375
-0.006134033203125
0.045684814453125
0.07086181640625
0.06158447265625
0.0205078125
-0.03277587890625
-0.068878173828125
-0.067901611328125
-0.031097412109375
0.021148681640625
0.068023681640625
0.082489013671875
0.04095458984375
-0.02777099609375
-0.071533203125
-0.079345703125
-0.055389404296875
-3.0517578125e-05
0.0582275390625
0.07818603515625
0.0491943359375
-0.0028076171875
-0.048126220703125
-0.076263427734375
-0.0712890625
-0.017730712890625
0.0540771484375
0.092803955078125
0.0821533203125
0.03326416015625
-0.03466796875
-0.0902099609375
-0.09722900390625
-0.044677734375
0.0355224609375
0.09423828125
0.099822998046875
0.05133056640625
-0.021514892578125
-0.081756591796875
-0.1038818359375
-0.07183837890625
0.0
0.06585693359375
0.095184326171875
0.08074951171875
0.0238037109375
-0.048492431640625
-0.09161376953125
-0.082763671875
-0.029022216796875
0.043914794921875
0.097747802734375
0.098297119140625
0.042205810546875
-0.037261962890625
-0.092620849609375
-0.09234619140625
-0.041046142578125
0.02813720703125
0.07806396484375
0.0810546875
0.03546142578125
-0.025543212890625
-0.0672607421875
-0.076995849609375
-0.050445556640625
0.00390625
0.058990478515625
0.085723876953125
0.067230224609375
0.01226806640625
-0.047332763671875
-0.081695556640625
-0.072998046875
-0.02423095703125
0.035491943359375
0.076141357421875
0.081207275390625
0.04437255859375
-0.01611328125
-0.063507080078125
-0.076324462890625
-0.055908203125
-0.013275146484375
0.03582763671875
0.068206787109375
0.060882568359375
0.01763916015625
-0.0311279296875
-0.061370849609375
-0.061309814453125
-0.0260009765625
0.02520751953125
0.059783935546875
0.06402587890625
0.036834716796875
-0.014556884765625
-0.058380126953125
-0.063934326171875
-0.036041259765625
0.00341796875
0.038177490234375
0.052642822265625
0.037750244140625
6.103515625e-05
-0.04248046875
-0.064300537109375
-0.048309326171875
-0.006683349609375
0.032135009765625
0.05029296875
0.044403076171875
0.01763916015625
-0.0205078125
-0.04949951171875
-0.047271728515625
-0.01702880859375
0.01373291015625
0.03045654296875
0.034698486328125
0.019500732421875
-0.012176513671875
-0.034515380859375
-0.033843994140625
-0.016387939453125
0.01165771484375
0.035369873046875
0.033050537109375
0.005859375
-0.02264404296875
-0.03155517578125
-0.016845703125
0.007965087890625
0.02435302734375
0.025421142578125
0.01263427734375
-0.010406494140625
-0.02777099609375
-0.019744873046875
0.006439208984375
0.027191162109375
0.035186767578125
0.029388427734375
0.00750732421875
-0.017333984375
-0.0301513671875
-0.02789306640625
-0.0098876953125
0.016937255859375
0.0357666015625
0.0330810546875
0.00677490234375
-0.024383544921875
-0.03466796875
-0.0224609375
0.000885009765625
0.02691650390625
0.039794921875
0.029632568359375
0.00750732421875
-0.0101318359375
-0.014617919921875
-0.007354736328125
0.00201416015625
0.00799560546875
0.012847900390625
0.01690673828125
0.01470947265625
0.003692626953125
-0.01275634765625
-0.02813720703125
-0.030914306640625
-0.01312255859375
0.01678466796875
0.0396728515625
0.0372314453125
0.00506591796875
-0.03399658203125
-0.051025390625
-0.03924560546875
-0.00823974609375
0.027099609375
0.04949951171875
0.045318603515625
0.0140380859375
-0.023590087890625
-0.04559326171875
-0.047332763671875
-0.02716064453125
0.007415771484375
0.034637451171875
0.0460205078125
0.0355224609375
-0.006134033203125
-0.053314208984375
-0.066314697265625
-0.036865234375
0.01708984375
0.060028076171875
0.06243896484375
0.03155517578125
-0.01025390625
-0.045623779296875
-0.056427001953125
-0.033233642578125
0.0145263671875
0.05609130859375
0.062255859375
0.037689208984375
0.00067138671875
-0.037261962890625
-0.056854248046875
-0.0484619140625
-0.0233154296875
0.01092529296875
0.04156494140625
0.04681396484375
0.0255126953125
-0.006744384765625
-0.033416748046875
-0.039520263671875
-0.024749755859375
-0.000885009765625
0.02374267578125
0.038665771484375
0.03302001953125
0.010650634765625
-0.01641845703125
-0.036041259765625
-0.0322265625
-0.005706787109375
0.0198974609375
0.032318115234375
0.031951904296875
0.01397705078125
-0.012237548828125
-0.02685546875
-0.02801513671875
-0.018707275390625
0.000732421875
0.01715087890625
0.019317626953125
0.01275634765625
0.004425048828125
-0.00579833984375
-0.01690673828125
-0.022552490234375
-0.018585205078125
-0.004241943359375
0.01605224609375
0.0234375
0.01226806640625
0.004119873046875
0.00091552734375
-0.00689697265625
-0.003265380859375
0.008697509765625
0.004302978515625
-0.009368896484375
-0.01861572265625
-0.0223388671875
-0.0111083984375
0.00848388671875
0.016326904296875
0.012298583984375
0.00146484375
-0.01226806640625
-0.018402099609375
-0.015289306640625
-0.006439208984375
0.00738525390625
0.019439697265625
0.02191162109375
0.01226806640625
-0.004241943359375
-0.017181396484375
-0.023773193359375
-0.019989013671875
-0.000152587890625
0.020538330078125
0.026123046875
0.02020263671875
0.00274658203125
-0.022125244140625
-0.032958984375
-0.0205078125
0.0062255859375
0.031646728515625
0.03594970703125
0.017730712890625
-0.006103515625
-0.02606201171875
-0.031768798828125
-0.014892578125
0.0115966796875
0.031707763671875
0.037994384765625
0.025054931640625
0.00274658203125
-0.01519775390625
-0.024810791015625
-0.017913818359375
0.002655029296875
0.016876220703125
0.018585205078125
0.00787353515625
-0.01220703125
-0.01824951171875
-0.00506591796875
0.00360107421875
0.00408935546875
0.004791259765625
0.00103759765625
-0.005828857421875
-0.007415771484375
-0.001678466796875
0.0089111328125
0.018951416015625
0.022125244140625
0.0135498046875
-0.001495361328125
-0.0113525390625
-0.0174560546875
-0.018768310546875
-0.004302978515625
0.0137939453125
0.01904296875
0.0181884765625
0.0108642578125
-0.00567626953125
-0.019134521484375
-0.02423095703125
-0.018524169921875
6.103515625e-05
0.016326904296875
0.020782470703125
0.01800537109375
0.008270263671875
-0.004913330078125
-0.01513671875
-0.02044677734375
-0.014923095703125
0.00457763671875
0.0289306640625
0.038482666015625
0.019317626953125
-0.01220703125
-0.032562255859375
-0.040435791015625
-0.0311279296875
0.002716064453125
0.04095458984375
0.055267333984375
0.034454345703125
-0.008453369140625
-0.04119873046875
-0.049407958984375
-0.040557861328125
-0.013092041015625
0.028106689453125
0.056182861328125
0.054656982421875
0.029998779296875
-0.00634765625
-0.042266845703125
-0.060028076171875
-0.044677734375
-0.000640869140625
0.0482177734375
0.073577880859375
0.057220458984375
0.005462646484375
-0.051971435546875
-0.082122802734375
-0.066558837890625
-0.014923095703125
0.039031982421875
0.06585693359375
0.051483154296875
0.00201416015625
-0.046142578125
-0.05938720703125
-0.044525146484375
-0.01654052734375
0.022369384765625
0.052978515625
0.051116943359375
0.023101806640625
-0.01324462890625
-0.046600341796875
-0.05859375
-0.037933349609375
0.005523681640625
0.054718017578125
0.0828857421875
0.06402587890625
0.008819580078125
-0.0478515625
-0.078216552734375
-0.063140869140625
-0.012054443359375
0.038665771484375
0.073089599609375
0.08258056640625
0.044677734375
-0.021514892578125
-0.060821533203125
-0.05938720703125
-0.035980224609375
0.00189208984375
0.044921875
0.0731201171875
0.067413330078125
0.02178955078125
-0.037750244140625
-0.06756591796875
-0.053192138671875
-0.0162353515625
0.026763916015625
0.06866455078125
0.0772705078125
0.02801513671875
-0.039825439453125
-0.07330322265625
-0.0640869140625
-0.023406982421875
0.026580810546875
0.056671142578125
0.061065673828125
0.04022216796875
-0.0054931640625
-0.04888916015625
-0.062713623046875
-0.0447998046875
-0.008575439453125
0.02142333984375
0.040924072265625
0.060455322265625
0.056915283203125
0.011749267578125
-0.0455322265625
-0.077423095703125
-0.063934326171875
-0.015655517578125
0.027435302734375
0.05096435546875
0.061126708984375
0.037750244140625
-0.021209716796875
-0.06829833984375
-0.068389892578125
-0.033905029296875
0.0078125
0.04071044921875
0.05413818359375
0.042694091796875
0.0135498046875
-0.02117919921875
-0.044830322265625
-0.040283203125
-0.016448974609375
0.0068359375
0.0283203125
0.04156494140625
0.030487060546875
-0.00054931640625
-0.03082275390625
-0.043243408203125
-0.035186767578125
-0.016998291015625
0.00494384765625
0.029083251953125
0.04864501953125
0.050384521484375
0.020538330078125
-0.027374267578125
-0.056732177734375
-0.058319091796875
-0.03973388671875
0.0067138671875
0.06707763671875
0.09661865234375
0.069854736328125
0.001983642578125
-0.065277099609375
-0.09124755859375
-0.06500244140625
-0.00457763671875
0.057281494140625
0.085052490234375
0.064849853515625
0.01513671875
-0.036285400390625
-0.067352294921875
-0.060516357421875
-0.02117919921875
0.019927978515625
0.046112060546875
0.057281494140625
0.043670654296875
0.005889892578125
-0.034820556640625
-0.060516357421875
-0.05670166015625
-0.020172119140625
0.026123046875
0.056976318359375
0.059814453125
0.02850341796875
-0.02301025390625
-0.060760498046875
-0.061859130859375
-0.033203125
0.003631591796875
0.034210205078125
0.04913330078125
0.04168701171875
0.015625
-0.021484375
-0.05242919921875
-0.053009033203125
-0.026763916015625
0.0057373046875
0.0379638671875
0.05633544921875
0.04376220703125
0.00836181640625
-0.03045654296875
-0.054168701171875
-0.04888916015625
-0.0186767578125
0.022186279296875
0.0545654296875
0.0557861328125
0.02447509765625
-0.019317626953125
-0.054718017578125
-0.0609130859375
-0.028656005859375
0.02056884765625
0.050079345703125
0.0462646484375
0.022979736328125
-0.00946044921875
-0.042633056640625
-0.055511474609375
-0.038665771484375
-0.004241943359375
0.028594970703125
0.0419921875
0.039031982421875
0.028045654296875
-0.00390625
-0.04534912109375
-0.0595703125
-0.0443115234375
-0.007843017578125
0.0418701171875
0.06353759765625
0.040252685546875
0.005401611328125
-0.025177001953125
-0.048126220703125
-0.044677734375
-0.01397705078125
0.0234375
0.0450439453125
0.0361328125
0.008758544921875
-0.01318359375
-0.02362060546875
-0.0242919921875
-0.014312744140625
0.004302978515625
0.02374267578125
0.03045654296875
0.01995849609375
0.0032958984375
-0.009857177734375
-0.017913818359375
-0.019439697265625
-0.010528564453125
0.0079345703125
0.02142333984375
0.019805908203125
0.01165771484375
0.002685546875
-0.00933837890625
-0.0206298828125
-0.028411865234375
-0.026092529296875
-0.0028076171875
0.026336669921875
0.035125732421875
0.025299072265625
0.004913330078125
-0.026519775390625
-0.050445556640625
-0.0452880859375
-0.017608642578125
0.01812744140625
0.048065185546875
0.048370361328125
0.0167236328125
-0.019317626953125
-0.045074462890625
-0.05438232421875
-0.032318115234375
0.008209228515625
0.034027099609375
0.0389404296875
0.026092529296875
-0.0047607421875
-0.031982421875
-0.037261962890625
-0.028076171875
-0.005645751953125
0.02886962890625
0.048614501953125
0.0323486328125
-0.0062255859375
-0.040557861328125
-0.052978515625
-0.036376953125
0.001953125
0.041046142578125
0.0596923828125
0.044158935546875
-0.00146484375
-0.044830322265625
-0.05645751953125
-0.041290283203125
-0.012725830078125
0.022705078125
0.046783447265625
0.045867919921875
0.02728271484375
-0.001800537109375
-0.03582763671875
-0.05743408203125
-0.04901123046875
-0.01019287109375
0.03778076171875
0.06634521484375
0.05926513671875
0.017059326171875
-0.03863525390625
-0.068206787109375
-0.049041748046875
0.0006103515625
0.046234130859375
0.06463623046875
0.0477294921875
0.00408935546875
-0.04156494140625
-0.06341552734375
-0.0491943359375
-0.0059814453125
0.041046142578125
0.065155029296875
0.05755615234375
0.0247802734375
-0.018798828125
-0.05218505859375
-0.057647705078125
-0.030853271484375
0.01751708984375
0.062286376953125
0.074127197265625
0.041839599609375
-0.015045166015625
-0.060028076171875
-0.069183349609375
-0.043975830078125
-0.001190185546875
0.039886474609375
0.061737060546875
0.04974365234375
0.00921630859375
-0.02862548828125
-0.042327880859375
-0.036376953125
-0.015899658203125
0.014251708984375
0.0396728515625
0.04864501953125
0.03631591796875
0.006622314453125
-0.026214599609375
-0.047210693359375
-0.042236328125
-0.01031494140625
0.0269775390625
0.05181884765625
0.0540771484375
0.023956298828125
-0.022216796875
-0.055633544921875
-0.065460205078125
-0.041015625
0.0152587890625
0.06549072265625
0.075439453125
0.041412353515625
-0.017730712890625
-0.068939208984375
-0.08758544921875
-0.06585693359375
-0.009765625
0.05474853515625
0.09588623046875
0.08905029296875
0.029083251953125
-0.0458984375
-0.08917236328125
-0.08978271484375
-0.049530029296875
0.019775390625
0.07989501953125
0.096282958984375
0.05950927734375
-0.010772705078125
-0.070281982421875
-0.088226318359375
-0.063140869140625
-0.007476806640625
0.05133056640625
0.08258056640625
0.0736083984375
0.028900146484375
-0.031219482421875
-0.0748291015625
-0.075897216796875
-0.037017822265625
0.01318359375
0.057098388671875
0.084320068359375
0.06585693359375
0.0009765625
-0.06451416015625
-0.0958251953125
-0.076934814453125
-0.0133056640625
0.051025390625
0.085205078125
0.0870361328125
0.042755126953125
-0.03704833984375
-0.094879150390625
-0.093292236328125
-0.044036865234375
0.021148681640625
0.073638916015625
0.093597412109375
0.066314697265625
0.00067138671875
-0.06231689453125
-0.085968017578125
-0.06378173828125
-0.01318359375
0.036529541015625
0.063018798828125
0.060150146484375
0.03173828125
-0.01263427734375
-0.0546875
-0.06640625
-0.038818359375
0.00091552734375
0.030517578125
0.047332763671875
0.041656494140625
0.01141357421875
-0.025360107421875
-0.0501708984375
-0.04656982421875
-0.012969970703125
0.024261474609375
0.04339599609375
0.043182373046875
0.0235595703125
-0.010894775390625
-0.039825439453125
-0.045928955078125
-0.029815673828125
0.00250244140625
0.0374755859375
0.049560546875
0.034271240234375
0.007171630859375
-0.030181884765625
-0.06207275390625
-0.052978515625
-0.008453369140625
0.03375244140625
0.053131103515625
0.045745849609375
0.018951416015625
-0.01495361328125
-0.04547119140625
-0.0523681640625
-0.026885986328125
0.01226806640625
0.0435791015625
0.047332763671875
0.019012451171875
-0.014373779296875
-0.031494140625
-0.032196044921875
-0.012725830078125
0.020721435546875
0.040130615234375
0.027923583984375
-0.002655029296875
-0.029388427734375
-0.041290283203125
-0.0257568359375
0.01531982421875
0.04425048828125
0.0435791015625
0.0294189453125
-0.001373291015625
-0.037567138671875
-0.0418701171875
-0.022491455078125
-0.002899169921875
0.023773193359375
0.0428466796875
0.032745361328125
0.007354736328125
-0.021759033203125
-0.049102783203125
-0.051055908203125
-0.021026611328125
0.015960693359375
0.03900146484375
0.042938232421875
0.022308349609375
-0.0198974609375
-0.052978515625
-0.047210693359375
-0.01129150390625
0.028106689453125
0.0526123046875
0.047943115234375
0.012176513671875
-0.033050537109375
-0.057281494140625
-0.045684814453125
-0.009552001953125
0.02508544921875
0.0379638671875
0.02734375
0.004119873046875
-0.024169921875
-0.04815673828125
-0.050018310546875
-0.026153564453125
0.007110595703125
0.03363037109375
0.043060302734375
0.03314208984375
0.0096435546875
-0.0196533203125
-0.042877197265625
-0.046661376953125
-0.02484130859375
0.01287841796875
0.040802001953125
0.0440673828125
0.029632568359375
0.0032958984375
-0.025726318359375
-0.0384521484375
-0.0313720703125
-0.014068603515625
0.00677490234375
0.0267333984375
0.039764404296875
0.029144287109375
-0.008819580078125
-0.04010009765625
-0.04046630859375
-0.016143798828125
0.024688720703125
0.0548095703125
0.045867919921875
0.015167236328125
-0.016448974609375
-0.04541015625
-0.047515869140625
-0.01275634765625
0.0289306640625
0.055145263671875
0.0557861328125
0.020782470703125
-0.0291748046875
-0.056793212890625
-0.05645751953125
-0.03564453125
0.00738525390625
0.049957275390625
0.05694580078125
0.034698486328125
0.00640869140625
-0.02496337890625
-0.048736572265625
-0.04669189453125
-0.019927978515625
0.018829345703125
0.04913330078125
0.05084228515625
0.0274658203125
-0.00445556640625
-0.03125
-0.04034423828125
-0.03021240234375
-0.010284423828125
0.012664794921875
0.027801513671875
0.020294189453125
-0.0069580078125
-0.0318603515625
-0.037841796875
-0.0247802734375
-0.001068115234375
0.02130126953125
0.032928466796875
0.029388427734375
0.005615234375
-0.02752685546875
-0.041290283203125
-0.029449462890625
-0.00518798828125
0.025848388671875
0.0479736328125
0.04315185546875
0.019775390625
-0.006683349609375
-0.027679443359375
-0.0369873046875
-0.033355712890625
-0.012115478515625
0.021942138671875
0.042877197265625
0.039398193359375
0.02215576171875
-0.00274658203125
-0.028411865234375
-0.041290283203125
-0.030609130859375
0.000701904296875
0.028350830078125
0.032257080078125
0.01715087890625
-0.001708984375
-0.00738525390625
0.002899169921875
0.01116943359375
0.01031494140625
0.00372314453125
-0.007659912109375
-0.01080322265625
-0.004913330078125
-0.006439208984375
-0.008819580078125
-0.005615234375
-0.008819580078125
-0.00885009765625
0.00469970703125
0.0125732421875
0.004180908203125
-0.010650634765625
-0.01922607421875
-0.01165771484375
0.003814697265625
0.010406494140625
0.0087890625
0.003662109375
-0.00238037109375
0.003143310546875
0.020233154296875
0.024993896484375
0.00250244140625
-0.0321044921875
-0.051513671875
-0.0401611328125
0.000457763671875
0.05023193359375
0.071197509765625
0.040802001953125
-0.015869140625
-0.057769775390625
-0.0662841796875
-0.03790283203125
0.013580322265625
0.055206298828125
0.065765380859375
0.043212890625
-0.00067138671875
-0.034332275390625
-0.039276123046875
-0.024566650390625
0.00726318359375
0.044891357421875
0.055908203125
0.034393310546875
-0.004241943359375
-0.047637939453125
-0.068511962890625
-0.0506591796875
-0.010467529296875
0.03594970703125
0.06463623046875
0.048675537109375
0.00421142578125
-0.037750244140625
-0.06610107421875
-0.062103271484375
-0.017913818359375
0.0360107421875
0.06884765625
0.07208251953125
0.04937744140625
0.010467529296875
-0.032806396484375
-0.058074951171875
-0.0445556640625
-0.008209228515625
0.020355224609375
0.034637451171875
0.0347900390625
0.018310546875
-0.00628662109375
-0.026397705078125
-0.03118896484375
-0.016754150390625
0.00347900390625
0.01708984375
0.023284912109375
0.016448974609375
-0.003692626953125
-0.022796630859375
-0.0296630859375
-0.01934814453125
0.0035400390625
0.02362060546875
0.034332275390625
0.031524658203125
0.008819580078125
-0.017242431640625
-0.0279541015625
-0.028228759765625
-0.017913818359375
0.003265380859375
0.017303466796875
0.017608642578125
0.01483154296875
0.011199951171875
-0.003143310546875
-0.035003662109375
-0.0614013671875
-0.04803466796875
-0.00762939453125
0.02520751953125
0.045867919921875
0.05108642578125
0.02642822265625
-0.016143798828125
-0.04705810546875
-0.049957275390625
-0.024444580078125
0.015625
0.0433349609375
0.03692626953125
0.007080078125
-0.016387939453125
-0.028961181640625
-0.03765869140625
-0.029571533203125
-0.002105712890625
0.0228271484375
0.02972412109375
0.017822265625
-0.000823974609375
-0.0093994140625
-0.0126953125
-0.015350341796875
0.001434326171875
0.030853271484375
0.037109375
0.01702880859375
-0.008636474609375
-0.027557373046875
-0.025146484375
-0.00384521484375
0.01434326171875
0.026031494140625
0.026275634765625
0.000518798828125
-0.02734375
-0.02532958984375
-0.0052490234375
0.0108642578125
0.01287841796875
-0.001312255859375
-0.015228271484375
-0.013580322265625
-0.0015869140625
0.012054443359375
0.02215576171875
0.022491455078125
0.00604248046875
-0.020599365234375
-0.02984619140625
-0.01336669921875
0.007904052734375
0.02716064453125
0.039398193359375
0.02752685546875
0.000640869140625
-0.0220947265625
-0.037078857421875
-0.033935546875
-0.011627197265625
0.007598876953125
0.016845703125
0.022674560546875
0.018707275390625
0.002685546875
-0.0096435546875
-0.006561279296875
0.002685546875
0.0062255859375
0.007904052734375
0.01153564453125
0.012359619140625
0.009429931640625
0.00469970703125
-0.001220703125
-0.005462646484375
-0.00390625
0.002349853515625
0.00390625
-0.00115966796875
-0.00506591796875
-0.010772705078125
-0.020416259765625
-0.022918701171875
-0.015716552734375
-0.003814697265625
0.009033203125
0.01531982421875
0.0157470703125
0.013092041015625
-0.001373291015625
-0.024200439453125
-0.036529541015625
-0.0284423828125
-0.004119873046875
0.0235595703125
0.045684814453125
0.052764892578125
0.0291748046875
-0.01141357421875
-0.0347900390625
-0.036468505859375
-0.024688720703125
-0.002960205078125
0.013916015625
0.019500732421875
0.01611328125
0.002288818359375
-0.0098876953125
-0.011688232421875
-0.0096435546875
-0.00372314453125
0.0029296875
0.006103515625
0.011993408203125
0.0126953125
0.002532958984375
-0.000244140625
0.00701904296875
0.01177978515625
0.01788330078125
0.024505615234375
0.016204833984375
-0.007904052734375
-0.03094482421875
-0.04248046875
-0.04034423828125
-0.018890380859375
0.013702392578125
0.033966064453125
0.034088134765625
0.0155029296875
-0.0186767578125
-0.044189453125
-0.042999267578125
-0.024749755859375
0.002105712890625
0.027557373046875
0.03424072265625
0.0234375
0.007843017578125
-0.007232666015625
-0.018798828125
-0.0186767578125
0.00018310546875
0.02197265625
0.0225830078125
0.007843017578125
-0.00799560546875
-0.021575927734375
-0.0213623046875
-0.00579833984375
0.01171875
0.02783203125
0.032440185546875
0.011749267578125
-0.019195556640625
-0.03741455078125
-0.03802490234375
-0.02410888671875
0.0032958984375
0.038482666015625
0.055938720703125
0.036865234375
0.00482177734375
-0.017181396484375
-0.033782958984375
-0.033966064453125
-0.007568359375
0.019866943359375
0.030059814453125
0.025360107421875
0.0045166015625
-0.017822265625
-0.021331787109375
-0.01837158203125
-0.019073486328125
-0.006805419921875
0.012542724609375
0.014251708984375
0.002288818359375
-0.0096435546875
-0.01788330078125
-0.014251708984375
0.0001220703125
0.014007568359375
0.0283203125
0.037353515625
0.0233154296875
-0.008758544921875
-0.0333251953125
-0.0352783203125
-0.01776123046875
0.00408935546875
0.015350341796875
0.01470947265625
0.01092529296875
0.00482177734375
-0.006744384765625
-0.015167236328125
-0.0174560546875
-0.020111083984375
-0.013275146484375
0.008331298828125
0.02728271484375
0.034820556640625
0.0264892578125
-0.00152587890625
-0.0244140625
-0.023895263671875
-0.012603759765625
0.00579833984375
0.026885986328125
0.029632568359375
0.011810302734375
-0.010650634765625
-0.0244140625
-0.020538330078125
-0.00482177734375
0.01214599609375
0.025421142578125
0.024078369140625
0.0050048828125
-0.019073486328125
-0.03857421875
-0.04364013671875
-0.023895263671875
0.010406494140625
0.036041259765625
0.040771484375
0.026580810546875
0.002685546875
-0.01983642578125
-0.03179931640625
-0.02789306640625
-0.007843017578125
0.017974853515625
0.033233642578125
0.034698486328125
0.026763916015625
0.004180908203125
-0.02740478515625
-0.044769287109375
-0.039947509765625
-0.02294921875
0.00018310546875
0.02447509765625
0.035675048828125
0.02349853515625
-0.001312255859375
-0.02032470703125
-0.025115966796875
-0.0128173828125
0.008209228515625
0.0203857421875
0.021514892578125
0.016998291015625
0.0076904296875
-0.000518798828125
-0.008148193359375
-0.013519287109375
-0.0020751953125
0.01123046875
-0.00030517578125
-0.015380859375
-0.010711669921875
-0.0050048828125
-0.0069580078125
-0.001800537109375
0.008209228515625
0.0072021484375
-0.004730224609375
-0.014251708984375
-0.014404296875
-0.00225830078125
0.015899658203125
0.017120361328125
-0.00030517578125
-0.01202392578125
-0.01531982421875
-0.015045166015625
-0.00177001953125
0.0196533203125
0.034576416015625
0.032379150390625
0.0059814453125
-0.027557373046875
-0.044403076171875
-0.04266357421875
-0.020538330078125
0.01715087890625
0.045074462890625
0.049591064453125
0.03033447265625
-0.007781982421875
-0.040069580078125
-0.0478515625
-0.036468505859375
-0.009552001953125
0.026947021484375
0.052490234375
0.052764892578125
0.02886962890625
-0.008453369140625
-0.0374755859375
-0.039703369140625
-0.02166748046875
-0.000335693359375
0.02056884765625
0.03558349609375
0.029754638671875
0.00347900390625
-0.025146484375
-0.037811279296875
-0.025299072265625
0.002716064453125
0.02685546875
0.036590576171875
0.025146484375
-0.0042724609375
-0.02935791015625
-0.034088134765625
-0.022796630859375
-0.000732421875
0.028778076171875
0.05059814453125
0.04754638671875
0.021942138671875
-0.0098876953125
-0.035308837890625
-0.045318603515625
-0.03680419921875
-0.01348876953125
0.019439697265625
0.045196533203125
0.04522705078125
0.022857666015625
-0.013427734375
-0.052093505859375
-0.063873291015625
-0.041259765625
-0.009063720703125
0.018524169921875
0.035247802734375
0.03338623046875
0.018524169921875
-0.002410888671875
-0.021148681640625
-0.021453857421875
-0.0072021484375
0.00042724609375
0.001251220703125
0.008087158203125
0.01214599609375
-0.00091552734375
-0.015594482421875
-0.01055908203125
0.00640869140625
0.023345947265625
0.032196044921875
0.01708984375
-0.0130615234375
-0.02996826171875
-0.028961181640625
-0.013702392578125
0.010223388671875
0.022674560546875
0.0191650390625
0.0086669921875
-0.006591796875
-0.011444091796875
0.000640869140625
0.009613037109375
0.00933837890625
0.0040283203125
-0.00677490234375
-0.007904052734375
0.00567626953125
0.01385498046875
0.011932373046875
0.00653076171875
-0.001617431640625
-0.003662109375
0.0003662109375
-0.004364013671875
-0.014129638671875
-0.01446533203125
-0.0081787109375
-0.00238037109375
0.00469970703125
0.0137939453125
0.01806640625
0.00909423828125
-0.0091552734375
-0.0203857421875
-0.0174560546875
-0.007354736328125
0.005767822265625
0.019012451171875
0.0208740234375
0.00799560546875
-0.0054931640625
-0.0118408203125
-0.0169677734375
-0.020721435546875
-0.01611328125
-0.00323486328125
0.0120849609375
0.022125244140625
0.016326904296875
-0.005126953125
-0.024017333984375
-0.027801513671875
-0.02105712890625
-0.005706787109375
0.01519775390625
0.026031494140625
0.0216064453125
0.009307861328125
-0.010406494140625
-0.026580810546875
-0.02056884765625
-0.000518798828125
0.01324462890625
0.014739990234375
0.008270263671875
0.004638671875
0.003448486328125
-0.0076904296875
-0.017822265625
-0.011932373046875
-0.001983642578125
0.00665283203125
0.01727294921875
0.017486572265625
0.004913330078125
-0.00897216796875
-0.018646240234375
-0.017303466796875
-0.004119873046875
0.01092529296875
0.020111083984375
0.015838623046875
0.002044677734375
-0.00433349609375
-0.004791259765625
-0.007537841796875
-0.006378173828125
-0.00164794921875
0.00323486328125
0.008636474609375
0.00701904296875
0.00103759765625
0.00091552734375
-0.0001220703125
-0.00445556640625
-0.00177001953125
0.005706787109375
0.008148193359375
0.00335693359375
-0.002288818359375
-0.001922607421875
0.0
0.000518798828125
0.006256103515625
0.012786865234375
0.00848388671875
-0.002166748046875
-0.00543212890625
-0.00091552734375
-0.00079345703125
-0.004974365234375
-0.0003662109375
0.011932373046875
0.01849365234375
0.0125732421875
-0.004730224609375
-0.020782470703125
-0.021331787109375
-0.00958251953125
0.00347900390625
0.008514404296875
0.00091552734375
-0.0113525390625
-0.018798828125
-0.01898193359375
-0.009857177734375
0.004547119140625
0.014862060546875
0.011474609375
-0.009613037109375
-0.027618408203125
-0.02105712890625
-0.0048828125
0.002288818359375
0.004638671875
0.005767822265625
0.00396728515625
-0.001312255859375
-0.007476806640625
-0.009185791015625
-0.007415771484375
-0.0010986328125
0.01031494140625
0.012359619140625
0.00604248046875
0.0052490234375
-0.00140380859375
-0.012451171875
-0.004241943359375
0.012298583984375
0.01715087890625
0.014007568359375
-6.103515625e-05
-0.019683837890625
-0.022705078125
-0.01025390625
0.002532958984375
0.014678955078125
0.02764892578125
0.032562255859375
0.016632080078125
-0.010528564453125
-0.02227783203125
-0.018524169921875
-0.013031005859375
-0.00250244140625
0.010498046875
0.01806640625
0.02362060546875
0.020843505859375
0.0006103515625
-0.02227783203125
-0.03143310546875
-0.029449462890625
-0.020782470703125
-0.001922607421875
0.024322509765625
0.04034423828125
0.030670166015625
0.001251220703125
-0.027862548828125
-0.038726806640625
-0.025604248046875
0.00152587890625
0.026641845703125
0.03717041015625
0.024169921875
-0.007598876953125
-0.033935546875
-0.0369873046875
-0.022796630859375
0.0
0.02484130859375
0.032196044921875
0.013824462890625
-0.010345458984375
-0.0272216796875
-0.03759765625
-0.032562255859375
-0.009674072265625
0.01312255859375
0.021697998046875
0.018829345703125
0.012939453125
0.00360107421875
-0.012298583984375
-0.02056884765625
-0.007568359375
0.010589599609375
0.014007568359375
0.010009765625
0.01129150390625
0.012725830078125
0.00494384765625
-0.009124755859375
-0.02130126953125
-0.026397705078125
-0.01904296875
-0.00018310546875
0.01837158203125
0.027008056640625
0.022552490234375
0.005279541015625
-0.01470947265625
-0.024505615234375
-0.019561767578125
-0.002197265625
0.016693115234375
0.02203369140625
0.011016845703125
-0.004302978515625
-0.012603759765625
-0.011932373046875
-0.003662109375
0.009185791015625
0.01397705078125
0.00286865234375
-0.011993408203125
-0.01800537109375
-0.014678955078125
-0.00372314453125
0.0072021484375
0.00677490234375
-0.001556396484375
-0.00537109375
-0.005279541015625
-0.008331298828125
-0.007843017578125
0.002777099609375
0.009002685546875
0.000244140625
-0.01031494140625
-0.011962890625
-0.0045166015625
0.011016845703125
0.022705078125
0.0179443359375
0.00201416015625
-0.0135498046875
-0.021881103515625
-0.02081298828125
-0.01422119140625
-0.003631591796875
0.01019287109375
0.014434814453125
0.00201416015625
-0.00836181640625
-0.002197265625
0.002655029296875
-0.007080078125
-0.01153564453125
0.0008544921875
0.01324462890625
0.012481689453125
0.001495361328125
-0.00738525390625
-0.004730224609375
0.001678466796875
0.0068359375
0.014678955078125
0.013824462890625
-0.00091552734375
-0.0137939453125
-0.01776123046875
-0.010955810546875
0.0064697265625
0.01531982421875
0.006988525390625
-0.002105712890625
-0.002044677734375
0.0037841796875
0.006378173828125
-0.00201416015625
-0.013824462890625
-0.016571044921875
-0.00830078125
0.0072021484375
0.024383544921875
0.035797119140625
0.02685546875
-0.006561279296875
-0.03350830078125
-0.02880859375
-0.00885009765625
0.006866455078125
0.01483154296875
0.013641357421875
0.003570556640625
-0.014984130859375
-0.0283203125
-0.019073486328125
-0.003936767578125
0.00054931640625
0.00946044921875
0.019439697265625
0.012054443359375
-0.004852294921875
-0.01904296875
-0.02471923828125
-0.01434326171875
0.00701904296875
0.027435302734375
0.034759521484375
0.018035888671875
-0.010986328125
-0.028045654296875
-0.026611328125
-0.012786865234375
0.007293701171875
0.0250244140625
0.027557373046875
0.009002685546875
-0.012908935546875
-0.018829345703125
-0.014923095703125
-0.007415771484375
0.006500244140625
0.017303466796875
0.014739990234375
0.000244140625
-0.01568603515625
-0.01593017578125
-0.004669189453125
-0.004150390625
-0.00628662109375
0.00665283203125
0.016448974609375
0.006866455078125
-0.00640869140625
-0.011322021484375
-0.012054443359375
-0.01007080078125
-0.00390625
0.00115966796875
-0.00213623046875
-0.00994873046875
-0.013702392578125
-0.016021728515625
-0.017333984375
-0.008056640625
0.007843017578125
0.015838623046875
0.01416015625
0.007110595703125
-0.0028076171875
-0.01129150390625
-0.01580810546875
-0.010284423828125
0.00665283203125
0.016845703125
0.009979248046875
-0.00213623046875
-0.013336181640625
-0.020477294921875
-0.012603759765625
0.006439208984375
0.0201416015625
0.02227783203125
0.012603759765625
-0.007354736328125
-0.024017333984375
-0.020782470703125
-0.000396728515625
0.01971435546875
0.02984619140625
0.025115966796875
0.00579833984375
-0.008880615234375
-0.007171630859375
-0.003692626953125
-0.0028076171875
0.005828857421875
0.013885498046875
0.008544921875
0.000823974609375
0.004974365234375
0.00970458984375
-0.00030517578125
-0.012847900390625
-0.016387939453125
-0.018951416015625
-0.013153076171875
0.008544921875
0.022491455078125
0.0169677734375
0.00799560546875
-0.00018310546875
-0.011566162109375
-0.019195556640625
-0.01129150390625
0.014617919921875
0.0389404296875
0.041259765625
0.02374267578125
-0.004913330078125
-0.03533935546875
-0.05096435546875
-0.0380859375
0.00311279296875
0.046173095703125
0.05767822265625
0.034912109375
-0.009307861328125
-0.055267333984375
-0.067901611328125
-0.038543701171875
0.0089111328125
0.056060791015625
0.07720947265625
0.051971435546875
-9.1552734375e-05
-0.048309326171875
-0.067230224609375
-0.04248046875
6.103515625e-05
0.030914306640625
0.04986572265625
0.047821044921875
0.0147705078125
-0.027130126953125
-0.048797607421875
-0.041534423828125
-0.016998291015625
0.007843017578125
0.02685546875
0.03515625
0.025848388671875
0.001708984375
-0.027862548828125
-0.046722412109375
-0.041046142578125
-0.016571044921875
0.015960693359375
0.045196533203125
0.049774169921875
0.024200439453125
-0.012176513671875
-0.037628173828125
-0.03668212890625
-0.01422119140625
0.008209228515625
0.026458740234375
0.041900634765625
0.036468505859375
0.00567626953125
-0.027587890625
-0.047943115234375
-0.051422119140625
-0.031524658203125
0.005035400390625
0.0362548828125
0.04840087890625
0.036163330078125
0.000946044921875
-0.0352783203125
-0.047149658203125
-0.030914306640625
0.001434326171875
0.030609130859375
0.04083251953125
0.032196044921875
0.00885009765625
-0.020416259765625
-0.03472900390625
-0.02734375
-0.0108642578125
0.008636474609375
0.025421142578125
0.025634765625
0.008056640625
-0.01123046875
-0.023193359375
-0.030914306640625
-0.025299072265625
0.00250244140625
0.030120849609375
0.035491943359375
0.0224609375
-0.00469970703125
-0.03424072265625
-0.0435791015625
-0.0294189453125
0.0030517578125
0.041473388671875
0.053436279296875
0.03173828125
-0.0001220703125
-0.03082275390625
-0.045501708984375
-0.028106689453125
0.003204345703125
0.024261474609375
0.030059814453125
0.0206298828125
0.000335693359375
-0.024627685546875
-0.0406494140625
-0.026214599609375
0.00885009765625
0.027587890625
0.023284912109375
0.0152587890625
0.005767822265625
-0.01165771484375
-0.02569580078125
-0.019927978515625
0.00067138671875
0.016754150390625
0.01690673828125
0.005157470703125
-0.004547119140625
-0.00701904296875
-0.00811767578125
-0.005340576171875
0.002532958984375
0.00750732421875
0.010467529296875
0.0108642578125
0.002197265625
-0.00384521484375
0.001983642578125
0.002838134765625
-0.008880615234375
-0.015838623046875
-0.007598876953125
0.00537109375
0.010009765625
0.005096435546875
-0.00152587890625
-0.001708984375
0.00115966796875
-0.00140380859375
0.001220703125
0.01580810546875
0.0201416015625
0.007354736328125
-0.00543212890625
-0.011505126953125
-0.00518798828125
0.008209228515625
0.00823974609375
0.002960205078125
0.00244140625
-0.009002685546875
-0.02117919921875
-0.01708984375
-0.0086669921875
0.003143310546875
0.018524169921875
0.01971435546875
0.009735107421875
0.001068115234375
-0.00811767578125
-0.01336669921875
-0.007568359375
0.005584716796875
0.01544189453125
0.013824462890625
0.005126953125
-0.00665283203125
-0.019866943359375
-0.02276611328125
-0.015625
-0.007537841796875
0.00543212890625
0.0167236328125
0.015533447265625
0.009979248046875
0.000335693359375
-0.017486572265625
-0.030731201171875
-0.02911376953125
-0.01171875
0.011993408203125
0.02508544921875
0.026123046875
0.016021728515625
-0.00830078125
-0.025665283203125
-0.017608642578125
0.00115966796875
0.01458740234375
0.01873779296875
0.014251708984375
0.005584716796875
-0.0064697265625
-0.018341064453125
-0.02154541015625
-0.015106201171875
-0.00201416015625
0.010223388671875
0.01153564453125
0.00677490234375
0.002227783203125
-0.00848388671875
-0.021881103515625
-0.02239990234375
-0.004119873046875
0.022369384765625
0.034881591796875
0.021209716796875
-0.004730224609375
-0.01983642578125
-0.01739501953125
-0.00946044921875
-0.001861572265625
0.012847900390625
0.02545166015625
0.015625
-0.0067138671875
-0.01788330078125
-0.018035888671875
-0.013275146484375
-0.00103759765625
0.013031005859375
0.020538330078125
0.02130126953125
0.010986328125
-0.01226806640625
-0.030731201171875
-0.027099609375
-0.0045166015625
0.021331787109375
0.03271484375
0.02349853515625
0.001861572265625
-0.02288818359375
-0.035797119140625
-0.021240234375
0.010986328125
0.034942626953125
0.035736083984375
0.015289306640625
-0.0103759765625
-0.02886962890625
-0.038330078125
-0.031280517578125
-0.009735107421875
0.005950927734375
0.01019287109375
0.00982666015625
0.00177001953125
-0.0107421875
-0.01470947265625
-0.0076904296875
0.00177001953125
0.006195068359375
0.005340576171875
0.003204345703125
0.00274658203125
0.003143310546875
-0.00091552734375
-0.008056640625
-0.008636474609375
-0.004669189453125
-0.004119873046875
-0.005157470703125
-0.0064697265625
-0.00726318359375
-0.00543212890625
-0.007781982421875
-0.013275146484375
-0.0076904296875
0.007232666015625
0.01422119140625
0.005615234375
-0.0079345703125
-0.01055908203125
-0.004730224609375
-0.002044677734375
0.000885009765625
0.006103515625
0.006591796875
0.004547119140625
0.003173828125
0.00054931640625
-0.00030517578125
0.001129150390625
0.001190185546875
0.00103759765625
0.003173828125
0.006866455078125
0.0052490234375
