0.051727294921875
-0.0523681640625
-0.0859375
0.03369140625
0.02880859375
-0.05816650390625
-0.06549072265625
-0.025054931640625
0.015625
-0.010894775390625
-0.037994384765625
0.012359619140625
-0.01568603515625
-0.067108154296875
0.004638671875
0.0125732421875
-0.037628173828125
0.01824951171875
0.018768310546875
-0.053680419921875
-0.032379150390625
-0.012847900390625
-0.040802001953125
-0.03021240234375
-0.01556396484375
-0.00634765625
-0.0198974609375
-0.074371337890625
-0.04718017578125
0.024749755859375
-0.00634765625
-0.044647216796875
-0.025390625
-0.0230712890625
-0.013275146484375
-0.01483154296875
-0.052398681640625
-0.03375244140625
0.00433349609375
-0.00970458984375
-0.018035888671875
-0.030487060546875
-0.043060302734375
-0.013824462890625
-0.01995849609375
-0.025848388671875
0.029876708984375
-0.016632080078125
-0.112945556640625
-0.0296630859375
0.062652587890625
-0.02288818359375
-0.085906982421875
-0.0328369140625
-0.000518798828125
-0.017486572265625
-0.034881591796875
-0.038787841796875
-0.02978515625
-0.02301025390625
-0.0142822265625
-0.01385498046875
-0.057159423828125
-0.065704345703125
0.0126953125
0.011962890625
-0.079376220703125
-0.046234130859375
0.021759033203125
-0.04156494140625
-0.055145263671875
0.011993408203125
-0.006195068359375
-0.02252197265625
-0.0091552734375
-0.058990478515625
-0.05108642578125
0.0155029296875
-0.0181884765625
-0.072052001953125
-0.04058837890625
0.007232666015625
-3.0517578125e-05
-0.055511474609375
-0.057891845703125
0.00146484375
-0.00543212890625
-0.036865234375
-0.00286865234375
0.002410888671875
-0.048492431640625
-0.055816650390625
-0.019012451171875
-0.020172119140625
-0.045257568359375
-0.020660400390625
-0.005126953125
-0.04510498046875
-0.046295166015625
-0.02642822265625
-0.027923583984375
-0.00390625
-0.02685546875
-0.066741943359375
-0.012176513671875
0.000213623046875
-0.027069091796875
0.025421142578125
0.007049560546875
-0.06298828125
-0.043182373046875
-0.027191162109375
0.010772705078125
0.050567626953125
-0.048309326171875
-0.08892822265625
-0.010528564453125
-0.02252197265625
-0.03076171875
0.000640869140625
-0.03662109375
-0.03570556640625
-0.02532958984375
-0.04302978515625
0.033416748046875
0.043609619140625
-0.06134033203125
-0.032379150390625
0.022796630859375
-0.0447998046875
-0.047607421875
0.02410888671875
0.0245361328125
-0.02850341796875
-0.063323974609375
-0.02752685546875
0.0316162109375
-0.005340576171875
-0.06781005859375
-0.01898193359375
0.031005859375
-0.03668212890625
-0.07330322265625
-0.003936767578125
0.0208740234375
-0.0169677734375
-0.052947998046875
-0.083099365234375
-0.017364501953125
0.06060791015625
-0.038330078125
-0.092864990234375
0.034027099609375
0.041656494140625
-0.0677490234375
-0.047943115234375
0.015380859375
0.00018310546875
-0.03192138671875
-0.04034423828125
-0.035400390625
-0.028350830078125
-0.0009765625
0.00677490234375
-0.05767822265625
-0.062744140625
0.010711669921875
-0.01837158203125
-0.06378173828125
-0.0047607421875
0.000640869140625
-0.048187255859375
-0.027618408203125
-0.003265380859375
-0.015838623046875
-0.024993896484375
-0.01434326171875
0.013427734375
-0.0128173828125
-0.0625
-0.015045166015625
0.030609130859375
-0.012939453125
-0.019378662109375
0.00372314453125
-0.039520263671875
-0.066864013671875
-0.008331298828125
0.03717041015625
-0.0126953125
-0.05731201171875
-0.01019287109375
0.009368896484375
-0.02978515625
-0.025115966796875
-0.0230712890625
-0.016204833984375
0.03985595703125
-0.0057373046875
-0.078155517578125
0.00982666015625
0.049468994140625
-0.036285400390625
-0.037994384765625
-0.003662109375
-0.004241943359375
-0.0009765625
-0.03485107421875
-0.022552490234375
0.02777099609375
-0.032989501953125
-0.05548095703125
0.02801513671875
0.018646240234375
-0.029205322265625
-0.0181884765625
-0.018280029296875
-0.009796142578125
0.0013427734375
-0.0040283203125
0.010955810546875
-0.001708984375
-0.02423095703125
-0.013641357421875
-0.012359619140625
0.014678955078125
0.013092041015625
-0.062286376953125
-0.024261474609375
0.06365966796875
-0.002166748046875
-0.068389892578125
-0.030517578125
0.01837158203125
0.0340576171875
-0.0252685546875
-0.054718017578125
0.017974853515625
0.015594482421875
-0.038177490234375
-0.009918212890625
0.017578125
0.018463134765625
-0.007232666015625
-0.04864501953125
0.011749267578125
0.056396484375
-0.028076171875
-0.034881591796875
0.042694091796875
0.0302734375
-0.023681640625
-0.039276123046875
-0.007843017578125
0.04473876953125
0.030120849609375
-0.045318603515625
-0.052276611328125
0.052947998046875
0.0811767578125
-0.06060791015625
-0.076385498046875
0.0672607421875
0.033966064453125
-0.060577392578125
-0.01336669921875
0.0128173828125
0.024200439453125
0.014251708984375
-0.075439453125
-0.01361083984375
0.087249755859375
-0.019287109375
-0.04473876953125
0.034271240234375
-0.008758544921875
0.00726318359375
0.046051025390625
-0.038330078125
-0.020355224609375
0.042449951171875
-0.015350341796875
-0.0087890625
0.0294189453125
-0.023651123046875
-0.022491455078125
0.020263671875
0.003143310546875
-0.005828857421875
0.013397216796875
0.0281982421875
0.019927978515625
-0.014068603515625
-0.01153564453125
0.004364013671875
-0.009857177734375
0.022308349609375
0.044342041015625
-0.02239990234375
-0.030487060546875
0.02752685546875
0.014892578125
0.000396728515625
0.009552001953125
-0.018463134765625
0.00836181640625
0.0572509765625
0.013275146484375
-0.012481689453125
0.017822265625
0.02081298828125
0.020416259765625
-0.00946044921875
-0.033599853515625
0.047210693359375
0.065948486328125
-0.03411865234375
-0.03472900390625
0.017486572265625
-0.002471923828125
-0.000640869140625
0.01751708984375
-0.0013427734375
-0.01007080078125
0.0048828125
0.03167724609375
0.02789306640625
-0.014312744140625
-0.01336669921875
0.02447509765625
0.04473876953125
0.025390625
-0.0291748046875
-0.0072021484375
0.0557861328125
0.004058837890625
-0.03173828125
0.01312255859375
-0.00732421875
-0.005767822265625
0.049346923828125
0.0223388671875
-0.012420654296875
-0.005706787109375
0.005859375
0.043212890625
0.021026611328125
-0.029327392578125
0.012176513671875
0.034271240234375
0.0057373046875
0.00592041015625
0.002716064453125
0.017822265625
0.019866943359375
-0.017364501953125
0.0191650390625
0.037750244140625
-0.01708984375
0.013458251953125
0.03497314453125
-0.0072021484375
0.013092041015625
0.003662109375
0.00091552734375
0.07012939453125
0.003875732421875
-0.06134033203125
0.05120849609375
0.0628662109375
-0.01153564453125
0.01373291015625
-0.000518798828125
-0.014007568359375
0.052886962890625
0.04815673828125
0.020904541015625
0.023773193359375
-0.027099609375
-0.01995849609375
0.051605224609375
0.03271484375
0.00213623046875
0.026824951171875
0.02215576171875
0.006927490234375
0.00347900390625
0.011962890625
0.063262939453125
0.050689697265625
-0.045196533203125
-0.0205078125
0.078094482421875
0.045989990234375
-0.0179443359375
-0.01043701171875
0.000701904296875
0.023345947265625
0.020050048828125
-0.014678955078125
0.041534423828125
0.062713623046875
-0.039825439453125
-0.01116943359375
0.0908203125
0.018768310546875
-0.038970947265625
0.03900146484375
0.065032958984375
0.015869140625
-0.024932861328125
-0.000579833984375
0.081451416015625
0.041839599609375
-0.080535888671875
-0.0108642578125
0.122528076171875
0.044097900390625
-0.059722900390625
0.011138916015625
0.071136474609375
0.01605224609375
-0.0108642578125
0.01812744140625
0.029022216796875
0.032928466796875
0.025787353515625
-0.00103759765625
0.006256103515625
0.034759521484375
0.0303955078125
0.01177978515625
0.015472412109375
0.02764892578125
-0.00164794921875
-0.026947021484375
0.0447998046875
0.093292236328125
0.0076904296875
-0.036834716796875
0.03314208984375
0.05224609375
-0.00714111328125
-0.0135498046875
0.056854248046875
0.06451416015625
-0.0255126953125
-0.037139892578125
0.033782958984375
0.0252685546875
-0.010284423828125
0.004974365234375
0.012664794921875
0.008026123046875
0.00164794921875
0.016448974609375
0.0523681640625
0.0098876953125
-0.03924560546875
0.026458740234375
0.05401611328125
-0.008697509765625
-0.006072998046875
0.0435791015625
0.04364013671875
0.004364013671875
-0.013641357421875
0.0166015625
0.025177001953125
0.01190185546875
0.03631591796875
0.0223388671875
-0.018707275390625
0.0106201171875
0.02825927734375
0.001708984375
0.008453369140625
0.030548095703125
0.046478271484375
0.01702880859375
-0.052215576171875
-0.013671875
0.072601318359375
0.03778076171875
-0.006866455078125
0.00885009765625
0.01043701171875
0.03179931640625
0.03369140625
-0.01165771484375
0.0291748046875
0.077392578125
-0.000213623046875
-0.02679443359375
0.04681396484375
0.0406494140625
0.00421142578125
0.0284423828125
0.013092041015625
-0.020721435546875
0.0196533203125
0.058502197265625
0.02874755859375
-0.034027099609375
-0.045684814453125
0.051849365234375
0.0882568359375
-0.0487060546875
-0.0760498046875
0.080413818359375
0.085845947265625
-0.0482177734375
-0.040740966796875
0.05462646484375
0.05914306640625
-0.012359619140625
-0.035491943359375
0.041351318359375
0.0743408203125
-0.00286865234375
-0.01531982421875
0.048980712890625
0.03363037109375
-0.0091552734375
0.01531982421875
0.04315185546875
0.03448486328125
0.012725830078125
0.0018310546875
0.023956298828125
0.03814697265625
0.0040283203125
-0.00885009765625
0.03985595703125
0.0516357421875
-0.01409912109375
-0.02862548828125
0.045867919921875
0.0540771484375
-0.014495849609375
-0.004150390625
0.040069580078125
0.00311279296875
-0.024169921875
0.014801025390625
0.03680419921875
0.011810302734375
-0.0128173828125
0.02655029296875
0.058685302734375
-0.03240966796875
-0.05682373046875
0.084564208984375
0.079345703125
-0.054840087890625
-0.007415771484375
0.079803466796875
0.026092529296875
-0.021759033203125
-0.011138916015625
0.022369384765625
0.048614501953125
0.0125732421875
-0.0224609375
-0.010101318359375
0.020111083984375
0.039398193359375
-0.030548095703125
-0.066192626953125
0.05645751953125
0.059814453125
-0.062225341796875
0.005157470703125
0.076080322265625
-0.02691650390625
-0.035675048828125
0.05377197265625
0.040863037109375
-0.02606201171875
-0.028656005859375
0.0357666015625
0.04180908203125
-0.02276611328125
0.00543212890625
0.050506591796875
-0.01495361328125
-0.03009033203125
0.026947021484375
0.0120849609375
-0.004638671875
0.03515625
0.014678955078125
-0.047332763671875
0.007110595703125
0.08599853515625
-0.006103515625
-0.0738525390625
0.0360107421875
0.04412841796875
-0.0445556640625
0.025146484375
0.077392578125
-0.018829345703125
-0.036224365234375
0.043487548828125
0.041778564453125
-0.03656005859375
-0.03515625
0.06060791015625
0.0506591796875
-0.053955078125
-0.028594970703125
0.052734375
0.016754150390625
-0.0411376953125
-0.01751708984375
0.029388427734375
0.027984619140625
0.00799560546875
0.00531005859375
-0.01287841796875
0.004119873046875
0.04779052734375
-0.006378173828125
-0.025177001953125
0.07672119140625
0.05889892578125
-0.044769287109375
-0.020843505859375
0.046051025390625
0.0478515625
-0.010162353515625
-0.049774169921875
0.012664794921875
0.040374755859375
-0.01495361328125
-0.013702392578125
-0.003143310546875
-0.003936767578125
0.021240234375
-0.001678466796875
0.00396728515625
0.023590087890625
-0.046478271484375
-0.012054443359375
0.0753173828125
0.0010986328125
-0.020355224609375
0.028717041015625
-0.0111083984375
0.010467529296875
0.019317626953125
-0.054290771484375
0.001739501953125
0.042816162109375
-0.02337646484375
0.01300048828125
0.029083251953125
-0.034210205078125
-0.002960205078125
0.032867431640625
0.01611328125
-0.003662109375
-0.02435302734375
0.04046630859375
0.06219482421875
-0.04852294921875
-0.01763916015625
0.064666748046875
-0.033355712890625
-0.057464599609375
0.0323486328125
0.021240234375
-0.006439208984375
-0.0115966796875
-0.018341064453125
0.02520751953125
0.008087158203125
-0.03460693359375
0.038848876953125
0.050689697265625
-0.04107666015625
-0.03179931640625
0.019195556640625
0.0145263671875
0.005523681640625
-0.01519775390625
-0.000518798828125
0.04034423828125
-0.018646240234375
-0.05206298828125
0.0384521484375
0.036712646484375
-0.032012939453125
0.018035888671875
0.033050537109375
-0.043975830078125
-0.029541015625
0.01226806640625
-0.003753662109375
0.019195556640625
0.021392822265625
-0.0418701171875
-0.03497314453125
0.015625
0.002899169921875
-0.011993408203125
0.01336669921875
0.02099609375
-0.008087158203125
-0.022064208984375
0.011993408203125
0.022247314453125
-0.025604248046875
-0.02288818359375
0.03631591796875
0.017852783203125
-0.05084228515625
-0.02532958984375
0.04925537109375
0.019317626953125
-0.05694580078125
-0.022857666015625
0.04168701171875
0.006378173828125
-0.03558349609375
-0.0146484375
0.00054931640625
0.006378173828125
0.013336181640625
-0.016754150390625
-0.03778076171875
0.008575439453125
0.04327392578125
-0.004638671875
-0.032989501953125
0.017608642578125
0.010498046875
-0.049560546875
0.00225830078125
0.0594482421875
-0.015960693359375
-0.0400390625
0.028472900390625
0.00506591796875
-0.03582763671875
0.022552490234375
0.0330810546875
-0.039794921875
-0.033447265625
0.030487060546875
0.00286865234375
-0.045867919921875
0.01251220703125
0.0440673828125
-0.040679931640625
-0.0506591796875
0.0345458984375
0.020233154296875
-0.04241943359375
-0.020965576171875
0.009613037109375
0.003875732421875
0.01104736328125
0.023590087890625
0.008056640625
-0.034393310546875
-0.042236328125
0.0064697265625
0.020416259765625
-0.00213623046875
-0.002716064453125
-0.034637451171875
-0.0511474609375
0.020965576171875
0.0306396484375
-0.02789306640625
0.008636474609375
0.02197265625
-0.057586669921875
-0.021759033203125
0.07037353515625
0.010101318359375
-0.064849853515625
-0.005126953125
0.05194091796875
0.005615234375
-0.053314208984375
-0.030517578125
0.031829833984375
0.032135009765625
-0.023193359375
-0.050811767578125
-0.023834228515625
0.021484375
0.021209716796875
-0.029266357421875
-0.0347900390625
0.011688232421875
0.011077880859375
-0.008392333984375
0.00677490234375
-0.01275634765625
-0.030303955078125
0.026702880859375
0.030517578125
-0.03656005859375
-0.0167236328125
0.027587890625
-0.0089111328125
-0.02630615234375
0.0059814453125
0.024078369140625
0.003997802734375
-0.041351318359375
-0.01324462890625
0.047698974609375
-0.02398681640625
-0.079681396484375
0.012939453125
0.037933349609375
-0.0291748046875
-0.041290283203125
-0.019744873046875
0.030609130859375
0.031768798828125
-0.07275390625
-0.05828857421875
0.05010986328125
0.0072021484375
-0.04827880859375
-0.003662109375
0.0068359375
-0.00274658203125
-0.02197265625
-0.03839111328125
0.02838134765625
0.028289794921875
-0.056610107421875
-0.00286865234375
0.04302978515625
-0.051055908203125
-0.02587890625
0.0677490234375
-0.00341796875
-0.0660400390625
-0.0103759765625
0.007598876953125
-0.00689697265625
-0.0164794921875
-0.04156494140625
0.008331298828125
0.051025390625
-0.04901123046875
-0.06011962890625
0.067535400390625
0.026458740234375
-0.072052001953125
0.00262451171875
0.035125732421875
-0.036712646484375
-0.03094482421875
0.014434814453125
0.019287109375
-0.02203369140625
-0.057586669921875
-0.000762939453125
0.025421142578125
-0.039306640625
-0.031585693359375
0.0062255859375
0.010223388671875
0.026092529296875
-0.036712646484375
-0.060394287109375
0.062835693359375
0.041290283203125
-0.07177734375
0.000518798828125
0.045135498046875
-0.0201416015625
-0.008453369140625
-0.012908935546875
-0.039306640625
0.0147705078125
0.010223388671875
-0.039947509765625
-0.004180908203125
-0.00146484375
-0.054595947265625
-0.010345458984375
0.057342529296875
0.010772705078125
-0.048980712890625
-0.026092529296875
0.010711669921875
0.01629638671875
-0.00030517578125
-0.013427734375
0.01190185546875
0.017242431640625
-0.02142333984375
-0.013336181640625
0.014923095703125
0.0029296875
-0.011627197265625
-0.026702880859375
-0.014434814453125
0.012115478515625
-0.029998779296875
-0.037811279296875
0.019195556640625
-0.008941650390625
-0.04443359375
-0.01611328125
-0.015838623046875
-0.002288818359375
0.013275146484375
-0.008392333984375
0.00872802734375
0.003173828125
-0.032012939453125
-0.002349853515625
0.018798828125
0.023834228515625
0.015167236328125
-0.0416259765625
0.008331298828125
0.0670166015625
-0.046661376953125
-0.072235107421875
0.02398681640625
0.03228759765625
0.01708984375
-0.038177490234375
-0.065216064453125
0.04608154296875
0.006561279296875
-0.1004638671875
0.03289794921875
0.084503173828125
-0.03106689453125
-0.02801513671875
-0.009918212890625
0.004730224609375
0.042755126953125
-0.039215087890625
-0.03277587890625
0.092071533203125
0.017364501953125
-0.095916748046875
-0.0394287109375
0.015350341796875
0.01177978515625
-0.030914306640625
-0.05938720703125
0.023406982421875
0.04766845703125
-0.066192626953125
-0.0592041015625
0.069183349609375
0.049346923828125
-0.067291259765625
-0.029449462890625
0.080047607421875
0.023345947265625
-0.079833984375
-0.011627197265625
0.089019775390625
0.026275634765625
-0.0745849609375
-0.023681640625
0.0582275390625
-0.00225830078125
-0.06195068359375
-0.018341064453125
0.012176513671875
0.01800537109375
-0.0157470703125
-0.072906494140625
0.012603759765625
0.08599853515625
-0.0445556640625
-0.081878662109375
0.052398681640625
0.056365966796875
-0.045806884765625
-0.055633544921875
0.023773193359375
0.052337646484375
-0.0423583984375
-0.070556640625
0.04718017578125
0.065032958984375
-0.0428466796875
-0.0687255859375
0.009033203125
0.06549072265625
0.0028076171875
-0.07855224609375
-0.01751708984375
0.064483642578125
0.0247802734375
-0.049896240234375
-0.047698974609375
0.04547119140625
0.056610107421875
-0.077362060546875
-0.063323974609375
0.0760498046875
0.018402099609375
-0.06451416015625
0.02618408203125
0.048431396484375
-0.040130615234375
-0.0477294921875
0.0240478515625
0.05419921875
-0.0172119140625
-0.059356689453125
0.018218994140625
0.028289794921875
-0.03509521484375
-0.001800537109375
0.01165771484375
-0.029266357421875
0.005035400390625
0.0040283203125
-0.0313720703125
0.01141357421875
-0.003204345703125
-0.027557373046875
0.048004150390625
0.01495361328125
-0.055511474609375
0.0245361328125
0.03155517578125
-0.029510498046875
0.02789306640625
0.033660888671875
-0.025665283203125
-0.009033203125
-0.014862060546875
-0.01776123046875
0.0355224609375
0.012481689453125
-0.043212890625
-0.02911376953125
0.006439208984375
0.01434326171875
-0.0291748046875
-0.03802490234375
0.032928466796875
0.03143310546875
-0.017181396484375
0.00732421875
0.0111083984375
-0.026336669921875
-0.028839111328125
0.000518798828125
0.03314208984375
-0.00067138671875
-0.04486083984375
-0.000885009765625
0.01214599609375
-0.0059814453125
0.012176513671875
-0.0411376953125
-0.042144775390625
0.074981689453125
0.03790283203125
-0.062713623046875
-0.00958251953125
0.02838134765625
0.00482177734375
-0.00640869140625
-0.023223876953125
0.02313232421875
0.050384521484375
-0.02154541015625
-0.01312255859375
0.0247802734375
-0.036407470703125
-0.02825927734375
0.0396728515625
0.018768310546875
-0.00604248046875
0.004058837890625
-0.00897216796875
-0.0235595703125
-0.027130126953125
0.009613037109375
0.057952880859375
-0.005126953125
-0.073974609375
0.002288818359375
0.040618896484375
-0.0286865234375
-0.011199951171875
0.032989501953125
-0.00885009765625
-0.02142333984375
-0.0133056640625
-0.009674072265625
0.042144775390625
0.00799560546875
-0.068603515625
0.0048828125
0.04425048828125
-0.021759033203125
0.001373291015625
0.014862060546875
-0.009246826171875
0.037689208984375
-0.006103515625
-0.0689697265625
0.030242919921875
0.04071044921875
-0.044525146484375
0.01922607421875
0.0400390625
-0.049041748046875
-0.002838134765625
0.050811767578125
-0.027008056640625
-0.024810791015625
0.039947509765625
0.002593994140625
-0.0244140625
0.00445556640625
-0.012939453125
-0.02386474609375
-0.0068359375
-0.002655029296875
0.024810791015625
0.004302978515625
-0.043426513671875
0.02838134765625
0.044891357421875
-0.057861328125
-0.00531005859375
0.076416015625
-0.01715087890625
-0.05059814453125
0.019989013671875
0.024261474609375
-0.008026123046875
-0.02081298828125
0.008270263671875
0.017578125
-0.046112060546875
-0.01666259765625
0.0546875
-0.02740478515625
-0.05767822265625
0.0367431640625
0.01513671875
-0.029754638671875
0.030853271484375
0.020050048828125
-0.05059814453125
-0.002288818359375
0.06085205078125
-0.011627197265625
-0.04412841796875
0.042694091796875
0.017333984375
-0.062713623046875
0.00531005859375
0.04168701171875
-0.025054931640625
-0.01776123046875
0.024658203125
0.0225830078125
-0.01214599609375
-0.044097900390625
0.01019287109375
0.04443359375
-0.02728271484375
-0.0274658203125
0.03216552734375
0.02154541015625
-0.01031494140625
-0.043182373046875
-0.024169921875
0.04669189453125
-0.00091552734375
-0.067169189453125
0.00897216796875
0.0369873046875
-0.036834716796875
-0.04046630859375
0.01300048828125
0.039337158203125
0.01251220703125
-0.05206298828125
-0.0294189453125
0.074798583984375
0.03521728515625
-0.083099365234375
-0.005828857421875
0.078094482421875
-0.026702880859375
-0.033935546875
0.034210205078125
-0.019866943359375
0.013031005859375
0.050567626953125
-0.0518798828125
-0.009063720703125
0.040008544921875
-0.055877685546875
0.015533447265625
0.054443359375
-0.07708740234375
-0.010772705078125
0.0654296875
-0.028564453125
-0.014892578125
0.017913818359375
-0.005615234375
0.02215576171875
0.011474609375
0.0052490234375
-0.004180908203125
-0.048370361328125
0.038238525390625
0.0535888671875
-0.07763671875
-0.003204345703125
0.07269287109375
-0.0582275390625
-0.059814453125
0.0267333984375
0.009246826171875
0.009246826171875
0.027618408203125
-0.006805419921875
-0.058746337890625
-0.023895263671875
0.06756591796875
0.0010986328125
-0.071868896484375
0.026031494140625
0.0189208984375
-0.040283203125
0.025665283203125
0.0133056640625
-0.01312255859375
0.021209716796875
-0.0108642578125
0.0159912109375
0.02471923828125
-0.056549072265625
0.01385498046875
0.04803466796875
-0.055694580078125
-0.007720947265625
0.019927978515625
-0.0426025390625
0.030242919921875
0.028839111328125
-0.066162109375
-0.00457763671875
0.054107666015625
-0.007354736328125
-0.053955078125
-0.020233154296875
0.034332275390625
-0.016510009765625
-0.044586181640625
0.062957763671875
0.03643798828125
-0.081207275390625
-0.001190185546875
0.095001220703125
0.02178955078125
-0.05035400390625
-0.004547119140625
0.06072998046875
0.014434814453125
-0.05072021484375
-0.012451171875
0.0220947265625
0.00201416015625
-0.0244140625
-0.025665283203125
0.0208740234375
0.01171875
-0.023956298828125
0.0286865234375
0.011749267578125
-0.039306640625
0.02581787109375
0.0213623046875
-0.0093994140625
0.034942626953125
-0.03125
-0.038116455078125
0.08587646484375
0.0252685546875
-0.047210693359375
0.03167724609375
-0.000701904296875
-0.045806884765625
0.02984619140625
0.028564453125
-0.034027099609375
-0.025665283203125
0.022216796875
0.0201416015625
-0.036529541015625
-0.023468017578125
0.02569580078125
0.0093994140625
0.021026611328125
0.014007568359375
-0.0484619140625
0.020538330078125
0.093902587890625
-0.018768310546875
-0.081634521484375
0.01959228515625
0.07720947265625
-0.0074462890625
-0.090911865234375
-0.011932373046875
0.0888671875
0.019866943359375
-0.062347412109375
-0.0224609375
0.022064208984375
0.0052490234375
-0.015838623046875
0.0062255859375
0.0142822265625
-0.0220947265625
0.00286865234375
0.04779052734375
-0.008453369140625
-0.05780029296875
-0.01165771484375
0.0528564453125
0.050689697265625
-0.0382080078125
-0.070770263671875
0.0135498046875
0.038055419921875
-0.00555419921875
-0.010101318359375
-0.009552001953125
0.0003662109375
0.01190185546875
-0.003662109375
0.002960205078125
-0.022552490234375
-0.051300048828125
0.031829833984375
0.042877197265625
-0.05059814453125
0.0047607421875
0.06707763671875
-0.03179931640625
-0.055694580078125
0.03155517578125
0.054534912109375
0.01104736328125
-0.0367431640625
-0.018768310546875
0.03594970703125
0.0128173828125
-0.014984130859375
0.009979248046875
-0.005767822265625
-0.0355224609375
-0.021453857421875
0.02459716796875
0.05047607421875
-0.03411865234375
-0.07489013671875
0.05267333984375
0.0548095703125
-0.065338134765625
-0.002899169921875
0.05865478515625
-0.01666259765625
-0.007598876953125
0.028289794921875
0.00848388671875
0.01226806640625
-0.02435302734375
-0.034271240234375
0.042724609375
0.025543212890625
-0.030853271484375
0.001220703125
-0.00164794921875
-0.03607177734375
-0.012420654296875
0.022369384765625
0.023712158203125
-0.007781982421875
-0.012054443359375
0.019622802734375
0.01025390625
-0.00360107421875
-0.005279541015625
-0.002349853515625
0.055084228515625
0.01727294921875
-0.094696044921875
-9.1552734375e-05
0.09210205078125
-0.028106689453125
-0.049774169921875
0.033172607421875
0.0159912109375
-0.01116943359375
-0.016265869140625
0.0013427734375
0.026641845703125
-0.032440185546875
-0.02581787109375
0.0555419921875
-0.003997802734375
-0.04833984375
0.0235595703125
0.031280517578125
0.00653076171875
-0.01287841796875
-0.018768310546875
0.046142578125
0.030792236328125
-0.027923583984375
0.026336669921875
0.012359619140625
-0.031341552734375
0.037750244140625
0.004241943359375
-0.052734375
0.031097412109375
0.022613525390625
-0.0279541015625
0.024078369140625
-0.002197265625
-0.03997802734375
0.019195556640625
0.019805908203125
-0.010498046875
-0.018890380859375
-0.03338623046875
0.02337646484375
0.035980224609375
-0.051971435546875
-0.015045166015625
0.04974365234375
-0.0224609375
-0.032318115234375
0.017852783203125
0.007781982421875
0.02606201171875
0.008026123046875
-0.041656494140625
0.024566650390625
0.02850341796875
-0.053314208984375
0.0087890625
0.03265380859375
-0.04913330078125
0.00872802734375
0.036407470703125
-0.046600341796875
0.00885009765625
0.0379638671875
-0.05743408203125
-0.01202392578125
0.056182861328125
-0.006439208984375
-0.009552001953125
0.02496337890625
0.0015869140625
-0.008453369140625
-0.01397705078125
0.014739990234375
0.053619384765625
-0.034149169921875
-0.07568359375
0.040283203125
0.0340576171875
-0.053497314453125
-0.002227783203125
0.01123046875
-0.030242919921875
0.032196044921875
0.027862548828125
-0.035675048828125
0.020355224609375
0.02276611328125
-0.03564453125
0.019866943359375
0.03289794921875
-0.013916015625
0.0009765625
-0.029449462890625
-0.030303955078125
0.0338134765625
-0.010101318359375
-0.002288818359375
0.0579833984375
-0.060882568359375
-0.076751708984375
0.072906494140625
0.03668212890625
-0.020904541015625
0.014007568359375
-0.041717529296875
-0.023193359375
0.047119140625
-0.020416259765625
-0.02099609375
0.03973388671875
-0.00372314453125
-0.005584716796875
0.024932861328125
0.0003662109375
0.00927734375
0.007537841796875
-0.0135498046875
0.023040771484375
0.030242919921875
-0.006317138671875
-0.004425048828125
0.00177001953125
-0.0185546875
-0.01910400390625
0.03143310546875
0.04632568359375
-0.03338623046875
-0.044708251953125
0.044464111328125
0.043975830078125
-0.019927978515625
-0.02496337890625
0.01483154296875
0.054931640625
0.0140380859375
-0.0406494140625
0.031402587890625
0.0496826171875
-0.064056396484375
-0.04730224609375
0.060394287109375
0.03350830078125
-0.03546142578125
-0.0235595703125
0.024322509765625
0.02947998046875
-0.046600341796875
-0.059234619140625
0.055877685546875
0.041259765625
-0.086883544921875
-0.025390625
0.068939208984375
-0.001708984375
-0.006744384765625
0.027496337890625
-0.031219482421875
0.010345458984375
0.0517578125
-0.043365478515625
-0.001251220703125
0.08428955078125
-0.009490966796875
-0.042236328125
0.003997802734375
-0.002227783203125
0.030548095703125
0.009796142578125
-0.045654296875
0.00946044921875
-0.005096435546875
-0.050048828125
0.035125732421875
0.032440185546875
-0.04339599609375
-0.01849365234375
0.013885498046875
0.03759765625
0.002655029296875
-0.080078125
0.005218505859375
0.06402587890625
-0.0498046875
-0.02569580078125
0.037872314453125
-0.0155029296875
0.010345458984375
-0.0145263671875
-0.077880859375
0.0526123046875
0.074493408203125
-0.064453125
-0.02117919921875
0.026641845703125
-0.01824951171875
0.038330078125
0.039337158203125
-0.029144287109375
0.00421142578125
0.00299072265625
-0.028564453125
0.028717041015625
0.044952392578125
-0.0009765625
-0.027191162109375
-0.035186767578125
0.014739990234375
0.047454833984375
-0.018157958984375
-0.03680419921875
0.021484375
0.026123046875
-0.0118408203125
-0.01544189453125
0.0252685546875
0.03472900390625
-0.02178955078125
-0.024017333984375
0.025299072265625
0.00836181640625
-0.008544921875
0.00823974609375
-0.003173828125
-0.00811767578125
-0.018157958984375
-0.0062255859375
0.060211181640625
0.00341796875
-0.097320556640625
-0.001739501953125
0.06744384765625
-0.00445556640625
0.00201416015625
0.010406494140625
-0.0308837890625
0.000946044921875
0.01165771484375
0.003875732421875
0.03399658203125
-0.003265380859375
-0.016815185546875
0.022308349609375
-0.0208740234375
-0.012054443359375
0.054473876953125
0.009735107421875
-0.013153076171875
0.0162353515625
-0.011260986328125
0.002349853515625
0.022308349609375
-0.014434814453125
-0.0064697265625
-0.011566162109375
-0.0240478515625
0.04168701171875
0.0234375
-0.058013916015625
-0.0040283203125
0.05389404296875
0.002838134765625
-0.02838134765625
-0.00360107421875
0.023895263671875
0.004608154296875
-0.033416748046875
0.014404296875
0.055389404296875
-0.021087646484375
-0.046142578125
0.01947021484375
0.00836181640625
-0.0137939453125
0.03240966796875
0.00665283203125
-0.05352783203125
-0.0062255859375
0.036712646484375
0.004913330078125
0.001953125
0.00921630859375
-0.003143310546875
0.010040283203125
0.01043701171875
0.006011962890625
0.027496337890625
0.010528564453125
-0.002166748046875
0.027099609375
0.0042724609375
-0.016693115234375
0.021759033203125
0.016143798828125
-0.009735107421875
-0.007171630859375
-0.02081298828125
0.005401611328125
0.050628662109375
0.011260986328125
-0.018890380859375
0.019622802734375
0.019287109375
-0.015777587890625
-0.003082275390625
0.0322265625
0.00469970703125
-0.052642822265625
-0.00994873046875
0.051300048828125
-0.01409912109375
-0.048858642578125
0.023284912109375
0.01531982421875
-0.044219970703125
-0.02105712890625
0.02508544921875
0.037933349609375
0.0018310546875
-0.040679931640625
0.007110595703125
0.030517578125
-0.037384033203125
-0.016693115234375
0.028839111328125
-0.02105712890625
0.00543212890625
0.05670166015625
-0.016754150390625
-0.03167724609375
0.02947998046875
0.01129150390625
0.002532958984375
0.019317626953125
-0.00677490234375
0.000396728515625
0.004913330078125
-0.02532958984375
0.006134033203125
0.02264404296875
-0.024169921875
-0.011688232421875
0.015045166015625
-0.015228271484375
-0.016998291015625
0.01287841796875
0.02288818359375
0.01141357421875
-0.0264892578125
-0.033966064453125
0.018524169921875
0.03070068359375
-0.00811767578125
-0.001068115234375
0.01824951171875
-0.0172119140625
-0.0291748046875
0.023712158203125
0.039215087890625
-0.01116943359375
-0.02960205078125
0.002685546875
0.006683349609375
-0.01318359375
0.006561279296875
0.012969970703125
-0.03594970703125
-0.029937744140625
0.025115966796875
0.00201416015625
-0.031494140625
0.006591796875
0.0233154296875
-0.01031494140625
-0.03057861328125
0.00091552734375
0.035888671875
-0.019012451171875
-0.05133056640625
0.029022216796875
0.023468017578125
-0.0452880859375
-0.0023193359375
0.0096435546875
-0.02435302734375
0.0274658203125
0.030914306640625
-0.0194091796875
-0.001708984375
0.006378173828125
0.008453369140625
0.021453857421875
-0.019378662109375
-0.01629638671875
0.030548095703125
0.0106201171875
-0.001678466796875
0.010772705078125
-0.0001220703125
0.006988525390625
-0.00341796875
-0.029266357421875
-0.008209228515625
0.01068115234375
0.013031005859375
0.011077880859375
-0.013671875
-0.020904541015625
-0.023040771484375
-0.017822265625
0.03875732421875
0.040374755859375
-0.022125244140625
-0.009979248046875
0.022979736328125
0.002899169921875
-0.01129150390625
0.006439208984375
0.040802001953125
0.0247802734375
-0.023284912109375
0.011138916015625
0.0291748046875
-0.036834716796875
-0.02587890625
0.0252685546875
-0.003509521484375
-0.02471923828125
0.0003662109375
0.013153076171875
-0.00775146484375
-0.021209716796875
0.01519775390625
0.0023193359375
-0.05206298828125
0.0123291015625
0.058074951171875
-0.024505615234375
-0.02325439453125
0.024810791015625
-0.013702392578125
-0.00982666015625
0.0140380859375
-0.00921630859375
0.00885009765625
9.1552734375e-05
-0.03704833984375
0.013458251953125
0.02301025390625
-0.029815673828125
0.004150390625
0.016387939453125
-0.018585205078125
0.02398681640625
0.013885498046875
-0.04486083984375
0.01885986328125
0.04931640625
-0.009490966796875
0.015594482421875
0.02215576171875
-0.01934814453125
0.02490234375
0.021270751953125
-0.0257568359375
0.025726318359375
0.009521484375
-0.062957763671875
-0.01788330078125
0.0115966796875
0.00335693359375
0.022705078125
-0.02392578125
-0.0296630859375
0.019622802734375
-0.027008056640625
-0.0015869140625
0.075897216796875
-0.013946533203125
-0.05230712890625
0.029052734375
0.020599365234375
0.019012451171875
0.027984619140625
-0.024993896484375
0.011077880859375
0.037567138671875
-0.031982421875
-0.006805419921875
0.02703857421875
-0.016082763671875
0.00775146484375
0.015625
-0.02606201171875
0.0035400390625
0.012359619140625
-0.019256591796875
-0.001220703125
0.002593994140625
-0.001983642578125
0.017242431640625
-0.003326416015625
-0.01611328125
0.01080322265625
0.008331298828125
-0.00164794921875
0.012542724609375
0.01568603515625
-0.007720947265625
-0.027740478515625
0.000732421875
0.0247802734375
-0.01153564453125
-0.018890380859375
0.00714111328125
-0.00714111328125
-0.0001220703125
0.021453857421875
-0.008056640625
-0.0159912109375
0.0020751953125
-0.006011962890625
0.001922607421875
0.00506591796875
-0.003936767578125
0.02362060546875
0.018707275390625
-0.015472412109375
0.00390625
0.01092529296875
-0.0015869140625
0.013824462890625
-0.006500244140625
-0.0208740234375
-0.00103759765625
-0.030548095703125
-0.020111083984375
0.02850341796875
-0.030548095703125
-0.045318603515625
0.0400390625
0.01318359375
-0.03076171875
0.01885986328125
0.01220703125
-0.011749267578125
0.0028076171875
-0.01531982421875
0.00115966796875
0.01971435546875
-0.0220947265625
0.00640869140625
0.032928466796875
-0.03521728515625
-0.01702880859375
0.03204345703125
-0.031280517578125
-0.040740966796875
0.018890380859375
0.014892578125
0.00982666015625
0.011566162109375
-0.01141357421875
0.006439208984375
0.01898193359375
0.00103759765625
0.028717041015625
0.040771484375
-0.00372314453125
-0.0181884765625
-0.011474609375
-0.008026123046875
0.020904541015625
0.02166748046875
-0.014434814453125
-0.010528564453125
0.004638671875
-0.01068115234375
-0.00714111328125
0.0064697265625
-0.001007080078125
0.006500244140625
0.007232666015625
-0.025390625
-0.01788330078125
0.016693115234375
-0.0015869140625
-0.010345458984375
0.01983642578125
0.00177001953125
-0.02294921875
0.00738525390625
0.013427734375
-0.007598876953125
0.00225830078125
0.004547119140625
-0.004791259765625
-0.00115966796875
-0.012603759765625
-0.0093994140625
0.021514892578125
0.012939453125
-0.0081787109375
-0.00103759765625
-0.02392578125
-0.045806884765625
0.002899169921875
0.0430908203125
0.013336181640625
-0.02239990234375
-0.030426025390625
-0.029937744140625
-0.016937255859375
0.007659912109375
0.013031005859375
-0.010040283203125
-0.014617919921875
0.020965576171875
0.027496337890625
-0.013092041015625
-0.009033203125
0.03289794921875
0.021820068359375
-0.0006103515625
0.017791748046875
0.017791748046875
0.006378173828125
0.02337646484375
0.026031494140625
