0.0230712890625
0.0291748046875
0.029205322265625
0.01763916015625
-0.00732421875
-0.030120849609375
-0.032257080078125
-0.01849365234375
-0.007049560546875
-0.001678466796875
0.005462646484375
0.013824462890625
0.016571044921875
0.0126953125
0.006072998046875
0.00152587890625
0.0006103515625
-0.004974365234375
-0.021484375
-0.035186767578125
-0.026763916015625
0.003173828125
0.035064697265625
0.049072265625
0.04052734375
0.01910400390625
-0.006072998046875
-0.031494140625
-0.050384521484375
-0.052734375
-0.034271240234375
-0.001007080078125
0.032867431640625
0.05218505859375
0.048187255859375
0.021392822265625
-0.015899658203125
-0.040313720703125
-0.035980224609375
-0.01153564453125
0.01416015625
0.029266357421875
0.027740478515625
0.014129638671875
-0.003265380859375
-0.027252197265625
-0.048370361328125
-0.040008544921875
-0.003753662109375
0.0311279296875
0.047088623046875
0.0418701171875
0.022552490234375
0.0008544921875
-0.020172119140625
-0.034759521484375
-0.031036376953125
-0.01177978515625
0.011138916015625
0.027252197265625
0.026763916015625
0.01318359375
-0.00079345703125
-0.0118408203125
-0.01885986328125
-0.017059326171875
-0.00567626953125
0.0107421875
0.020843505859375
0.0140380859375
-0.002227783203125
-0.009246826171875
-0.003509521484375
0.00299072265625
0.00390625
0.00018310546875
-0.009185791015625
-0.017333984375
-0.0150146484375
-0.009185791015625
-0.00537109375
0.00115966796875
0.006561279296875
0.00897216796875
0.0152587890625
0.02044677734375
0.016204833984375
0.002960205078125
-0.016204833984375
-0.029541015625
-0.02764892578125
-0.01727294921875
-0.00335693359375
0.01226806640625
0.019866943359375
0.01361083984375
-0.0042724609375
-0.0211181640625
-0.019317626953125
-0.00469970703125
0.00286865234375
0.006103515625
0.01593017578125
0.027557373046875
0.02996826171875
0.013916015625
-0.015716552734375
-0.0350341796875
-0.032379150390625
-0.024261474609375
-0.02337646484375
-0.018463134765625
0.00018310546875
0.020751953125
0.02923583984375
0.03057861328125
0.035308837890625
0.038330078125
0.023773193359375
-0.010345458984375
-0.043914794921875
-0.056732177734375
-0.047637939453125
-0.025909423828125
0.001617431640625
0.02752685546875
0.040435791015625
0.034820556640625
0.02001953125
0.007965087890625
-0.00390625
-0.022369384765625
-0.036712646484375
-0.029296875
-0.00384521484375
0.017333984375
0.020843505859375
0.012725830078125
0.0068359375
0.00848388671875
0.010467529296875
0.005218505859375
-0.007598876953125
-0.022918701171875
-0.0316162109375
-0.029266357421875
-0.01824951171875
0.001983642578125
0.0291748046875
0.04827880859375
0.045684814453125
0.0224609375
-0.00762939453125
-0.029693603515625
-0.041748046875
-0.04443359375
-0.02935791015625
0.001434326171875
0.0289306640625
0.040374755859375
0.037933349609375
0.026702880859375
0.005523681640625
-0.025634765625
-0.049591064453125
-0.045196533203125
-0.0167236328125
0.01287841796875
0.030303955078125
0.037384033203125
0.03729248046875
0.026824951171875
0.004241943359375
-0.023162841796875
-0.043426513671875
-0.049407958984375
-0.041656494140625
-0.022735595703125
0.00518798828125
0.036773681640625
0.062652587890625
0.06866455078125
0.04443359375
0.00238037109375
-0.032073974609375
-0.04736328125
-0.045074462890625
-0.0313720703125
-0.0125732421875
0.010406494140625
0.030120849609375
0.030517578125
0.013519287109375
-0.001617431640625
-0.004974365234375
-0.001617431640625
0.000762939453125
0.002777099609375
0.00732421875
0.00726318359375
-0.002532958984375
-0.013031005859375
-0.012847900390625
0.0001220703125
0.0159912109375
0.023468017578125
0.02239990234375
0.012603759765625
-0.008941650390625
-0.030120849609375
-0.03424072265625
-0.0223388671875
-0.0074462890625
0.00054931640625
0.003631591796875
0.0106201171875
0.023345947265625
0.034881591796875
0.035308837890625
0.02178955078125
0.002471923828125
-0.02001953125
-0.04656982421875
-0.062957763671875
-0.0538330078125
-0.021087646484375
0.0205078125
0.04736328125
0.048309326171875
0.038055419921875
0.024688720703125
0.00048828125
-0.026885986328125
-0.03948974609375
-0.033203125
-0.014862060546875
0.003814697265625
0.0142822265625
0.01922607421875
0.017974853515625
0.00384521484375
-0.013031005859375
-0.015716552734375
-0.0078125
-0.000457763671875
0.000213623046875
-0.00927734375
-0.014190673828125
0.00115966796875
0.0186767578125
0.02215576171875
0.023193359375
0.02178955078125
0.010223388671875
-0.002044677734375
-0.010986328125
-0.020111083984375
-0.024169921875
-0.023223876953125
-0.020843505859375
-0.01397705078125
-0.004241943359375
0.006134033203125
0.0220947265625
0.041168212890625
0.049224853515625
0.039581298828125
0.02093505859375
-0.001190185546875
-0.028900146484375
-0.05126953125
-0.055572509765625
-0.0458984375
-0.022979736328125
0.013763427734375
0.049835205078125
0.072357177734375
0.070037841796875
0.032928466796875
-0.01800537109375
-0.04986572265625
-0.055389404296875
-0.0379638671875
-0.008270263671875
0.011993408203125
0.017730712890625
0.0189208984375
0.017120361328125
0.010955810546875
0.002685546875
-0.004730224609375
-0.008636474609375
-0.012298583984375
-0.017364501953125
-0.01617431640625
-0.00634765625
0.005828857421875
0.01837158203125
0.03009033203125
0.032012939453125
0.01824951171875
-0.002960205078125
-0.020599365234375
-0.03240966796875
-0.03802490234375
-0.03448486328125
-0.020355224609375
0.003997802734375
0.031158447265625
0.0450439453125
0.0361328125
0.01123046875
-0.012176513671875
-0.019500732421875
-0.01318359375
-0.005859375
-0.000640869140625
0.00390625
0.001739501953125
-0.009033203125
-0.0185546875
-0.017974853515625
-0.008087158203125
0.00433349609375
0.0125732421875
0.014984130859375
0.0147705078125
0.0142822265625
0.011016845703125
0.00079345703125
-0.011932373046875
-0.01690673828125
-0.01385498046875
-0.009552001953125
-0.004058837890625
0.0037841796875
0.010162353515625
0.00830078125
-0.006256103515625
-0.021636962890625
-0.019073486328125
-0.00103759765625
0.0206298828125
0.040435791015625
0.04388427734375
0.021697998046875
-0.01129150390625
-0.038787841796875
-0.052398681640625
-0.04534912109375
-0.021392822265625
0.011993408203125
0.048248291015625
0.067230224609375
0.050628662109375
0.006591796875
-0.04144287109375
-0.069488525390625
-0.060638427734375
-0.02154541015625
0.022308349609375
0.05340576171875
0.066650390625
0.054595947265625
0.01678466796875
-0.025482177734375
-0.050567626953125
-0.055206298828125
-0.0401611328125
-0.011016845703125
0.014373779296875
0.026947021484375
0.03143310546875
0.028106689453125
0.016387939453125
0.000244140625
-0.020355224609375
-0.037384033203125
-0.0345458984375
-0.014556884765625
0.00823974609375
0.03076171875
0.043426513671875
0.0301513671875
-0.000732421875
-0.027435302734375
-0.03912353515625
-0.031982421875
-0.01263427734375
0.006927490234375
0.0250244140625
0.03546142578125
0.02508544921875
0.00225830078125
-0.01336669921875
-0.01727294921875
-0.013214111328125
-0.005706787109375
0.0008544921875
0.0069580078125
0.00946044921875
0.001312255859375
-0.012725830078125
-0.0228271484375
-0.023468017578125
-0.007080078125
0.0247802734375
0.05364990234375
0.0634765625
0.046051025390625
0.0008544921875
-0.052093505859375
-0.0860595703125
-0.08746337890625
-0.0499267578125
0.01556396484375
0.07275390625
0.095367431640625
0.083465576171875
0.043548583984375
-0.01171875
-0.059844970703125
-0.08502197265625
-0.0830078125
-0.052947998046875
-0.003021240234375
0.044158935546875
0.06854248046875
0.06781005859375
0.046417236328125
0.01373291015625
-0.012115478515625
-0.026123046875
-0.035888671875
-0.03619384765625
-0.02203369140625
-0.004486083984375
0.009124755859375
0.01611328125
0.012603759765625
0.00482177734375
0.001068115234375
-0.001373291015625
-0.004608154296875
-0.0028076171875
0.006103515625
0.015594482421875
0.01983642578125
0.0167236328125
0.0037841796875
-0.014556884765625
-0.024139404296875
-0.017974853515625
-0.0025634765625
0.01019287109375
0.01116943359375
0.003662109375
-0.002197265625
-0.003631591796875
-0.000244140625
0.0091552734375
0.01593017578125
0.0087890625
-0.006805419921875
-0.0145263671875
-0.008819580078125
0.003448486328125
0.0167236328125
0.02386474609375
0.01641845703125
-0.000701904296875
-0.017913818359375
-0.03167724609375
-0.03302001953125
-0.016326904296875
0.007568359375
0.027862548828125
0.037078857421875
0.02667236328125
0.002288818359375
-0.020904541015625
-0.0345458984375
-0.031036376953125
-0.00897216796875
0.015594482421875
0.029052734375
0.0325927734375
0.0277099609375
0.013336181640625
-0.007232666015625
-0.028045654296875
-0.039215087890625
-0.034149169921875
-0.023162841796875
-0.014556884765625
0.004547119140625
0.03619384765625
0.05584716796875
0.04766845703125
0.017547607421875
-0.018951416015625
-0.0418701171875
-0.043060302734375
-0.027740478515625
0.005706787109375
0.048126220703125
0.06573486328125
0.042022705078125
-0.005126953125
-0.0521240234375
-0.077301025390625
-0.0670166015625
-0.029144287109375
0.022674560546875
0.075439453125
0.104156494140625
0.090057373046875
0.03802490234375
-0.035430908203125
-0.100921630859375
-0.11962890625
-0.07965087890625
-0.008331298828125
0.058074951171875
0.09613037109375
0.096343994140625
0.062225341796875
0.006561279296875
-0.051300048828125
-0.08502197265625
-0.0770263671875
-0.036468505859375
0.013519287109375
0.054962158203125
0.070587158203125
0.049774169921875
0.005462646484375
-0.036712646484375
-0.057586669921875
-0.047576904296875
-0.013641357421875
0.02069091796875
0.03564453125
0.031036376953125
0.019927978515625
0.01007080078125
-0.00140380859375
-0.01422119140625
-0.021942138671875
-0.02252197265625
-0.019195556640625
-0.016021728515625
-0.01214599609375
-0.000946044921875
0.014801025390625
0.020599365234375
0.012420654296875
0.0013427734375
-0.000579833984375
0.01025390625
0.02325439453125
0.025482177734375
0.018829345703125
0.006988525390625
-0.015167236328125
-0.043853759765625
-0.06195068359375
-0.054931640625
-0.022186279296875
0.018646240234375
0.04498291015625
0.04974365234375
0.03662109375
0.010894775390625
-0.015228271484375
-0.02801513671875
-0.022857666015625
-0.001861572265625
0.024871826171875
0.04058837890625
0.03753662109375
0.021453857421875
-0.0018310546875
-0.03253173828125
-0.067626953125
-0.091949462890625
-0.084808349609375
-0.039581298828125
0.02471923828125
0.079437255859375
0.110992431640625
0.1138916015625
0.077880859375
0.011627197265625
-0.0501708984375
-0.08355712890625
-0.08624267578125
-0.06103515625
-0.020538330078125
0.014434814453125
0.032958984375
0.0341796875
0.022003173828125
0.006134033203125
-0.00701904296875
-0.01800537109375
-0.022705078125
-0.013763427734375
0.00482177734375
0.0218505859375
0.034088134765625
0.040679931640625
0.035736083984375
0.015289306640625
-0.0162353515625
-0.04461669921875
-0.054229736328125
-0.0484619140625
-0.041412353515625
-0.029815673828125
-0.004730224609375
0.02862548828125
0.05816650390625
0.069915771484375
0.054443359375
0.018951416015625
-0.0205078125
-0.0484619140625
-0.052459716796875
-0.033599853515625
-0.005615234375
0.01788330078125
0.02691650390625
0.01861572265625
0.000762939453125
-0.014801025390625
-0.01934814453125
-0.0128173828125
-0.002899169921875
0.00592041015625
0.011138916015625
0.0103759765625
0.0064697265625
0.00213623046875
-0.00408935546875
-0.009246826171875
-0.00592041015625
0.010040283203125
0.030670166015625
0.035186767578125
0.012603759765625
-0.02294921875
-0.0491943359375
-0.05438232421875
-0.037353515625
-0.00531005859375
0.029052734375
0.052459716796875
0.05657958984375
0.03955078125
0.005584716796875
-0.028717041015625
-0.046142578125
-0.046356201171875
-0.0321044921875
-0.0032958984375
0.028076171875
0.0487060546875
0.050811767578125
0.0262451171875
-0.015411376953125
-0.04949951171875
-0.0615234375
-0.042755126953125
0.002960205078125
0.048431396484375
0.0718994140625
0.066680908203125
0.029541015625
-0.024871826171875
-0.0675048828125
-0.08099365234375
-0.061767578125
-0.01806640625
0.029205322265625
0.059326171875
0.06451416015625
0.050750732421875
0.027130126953125
-0.001678466796875
-0.031158447265625
-0.05230712890625
-0.0518798828125
-0.02642822265625
0.003143310546875
0.018035888671875
0.02496337890625
0.03094482421875
0.029815673828125
0.016204833984375
-0.00872802734375
-0.029998779296875
-0.03076171875
-0.016876220703125
-0.00140380859375
0.015167236328125
0.029083251953125
0.03021240234375
0.016998291015625
-0.002044677734375
-0.01611328125
-0.01922607421875
-0.014129638671875
-0.009552001953125
-0.009307861328125
-0.0069580078125
-0.0006103515625
0.00189208984375
0.00018310546875
0.00128173828125
0.009246826171875
0.025482177734375
0.042877197265625
0.0484619140625
0.038604736328125
0.01483154296875
-0.024383544921875
-0.070465087890625
-0.098663330078125
-0.08587646484375
-0.0341796875
0.029571533203125
0.078399658203125
0.098480224609375
0.085113525390625
0.042327880859375
-0.015899658203125
-0.065887451171875
-0.08343505859375
-0.065887451171875
-0.028228759765625
0.019927978515625
0.06719970703125
0.088165283203125
0.066070556640625
0.01141357421875
-0.048797607421875
-0.088775634765625
-0.09503173828125
-0.06597900390625
-0.01055908203125
0.051055908203125
0.09515380859375
0.104644775390625
0.074981689453125
0.0211181640625
-0.0345458984375
-0.080078125
-0.103515625
-0.089813232421875
-0.04022216796875
0.02484130859375
0.075347900390625
0.0872802734375
0.063934326171875
0.022857666015625
-0.023651123046875
-0.053192138671875
-0.046173095703125
-0.01776123046875
0.007293701171875
0.0208740234375
0.016387939453125
-0.004058837890625
-0.021636962890625
-0.026519775390625
-0.01983642578125
-0.000396728515625
0.021240234375
0.0296630859375
0.02850341796875
0.02398681640625
0.012237548828125
-0.00396728515625
-0.0225830078125
-0.043365478515625
-0.048248291015625
-0.0244140625
0.012176513671875
0.041839599609375
0.05352783203125
0.04302978515625
0.018524169921875
-0.011932373046875
-0.042266845703125
-0.05517578125
-0.03973388671875
-0.005126953125
0.032958984375
0.05682373046875
0.0528564453125
0.024322509765625
-0.01336669921875
-0.04571533203125
-0.0628662109375
-0.054656982421875
-0.016632080078125
0.0340576171875
0.069854736328125
0.07611083984375
0.051544189453125
0.009307861328125
-0.03021240234375
-0.05859375
-0.067840576171875
-0.0443115234375
0.00225830078125
0.0413818359375
0.05352783203125
0.036865234375
0.00335693359375
-0.026275634765625
-0.040313720703125
-0.03765869140625
-0.013031005859375
0.0316162109375
0.06884765625
0.069488525390625
0.032501220703125
-0.01983642578125
-0.05877685546875
-0.0689697265625
-0.055755615234375
-0.023345947265625
0.02197265625
0.055755615234375
0.061126708984375
0.04461669921875
0.017791748046875
-0.008758544921875
-0.03076171875
-0.048614501953125
-0.049285888671875
-0.02459716796875
0.00677490234375
0.02569580078125
0.0302734375
0.0225830078125
0.004425048828125
-0.01727294921875
-0.02984619140625
-0.020660400390625
0.010467529296875
0.043670654296875
0.0535888671875
0.035186767578125
-0.001129150390625
-0.046600341796875
-0.0811767578125
-0.07965087890625
-0.042083740234375
0.011993408203125
0.058441162109375
0.075103759765625
0.059906005859375
0.0240478515625
-0.0205078125
-0.051727294921875
-0.05462646484375
-0.03558349609375
-0.004058837890625
0.027587890625
0.04632568359375
0.0501708984375
0.0360107421875
0.003875732421875
-0.033203125
-0.06610107421875
-0.084869384765625
-0.07354736328125
-0.033294677734375
0.02410888671875
0.08343505859375
0.1153564453125
0.101593017578125
0.050506591796875
-0.019439697265625
-0.077362060546875
-0.09698486328125
-0.081512451171875
-0.039459228515625
0.017181396484375
0.05560302734375
0.059051513671875
0.0430908203125
0.021728515625
0.00299072265625
-0.010711669921875
-0.028228759765625
-0.043212890625
-0.03662109375
-0.012359619140625
0.013885498046875
0.035491943359375
0.04266357421875
0.02880859375
0.00634765625
-0.010894775390625
-0.0216064453125
-0.02294921875
-0.010406494140625
0.0067138671875
0.0137939453125
0.005157470703125
-0.01715087890625
-0.036865234375
-0.0323486328125
-0.00341796875
0.03302001953125
0.05853271484375
0.060211181640625
0.04254150390625
0.00970458984375
-0.039703369140625
-0.079742431640625
-0.080169677734375
-0.0458984375
0.003448486328125
0.043212890625
0.053924560546875
0.044403076171875
0.0225830078125
-0.011688232421875
-0.03704833984375
-0.0408935546875
-0.0357666015625
-0.022308349609375
0.0062255859375
0.042694091796875
0.072265625
0.080902099609375
0.057830810546875
-0.005126953125
-0.089630126953125
-0.1435546875
-0.135467529296875
-0.073333740234375
0.018646240234375
0.09674072265625
0.1302490234375
0.122314453125
0.070892333984375
-0.008514404296875
-0.066070556640625
-0.08343505859375
-0.0731201171875
-0.039794921875
-0.000213623046875
0.026153564453125
0.03619384765625
0.025848388671875
-0.001373291015625
-0.026458740234375
-0.0355224609375
-0.025634765625
-0.00274658203125
0.022705078125
0.044677734375
0.056488037109375
0.046875
0.012603759765625
-0.031524658203125
-0.063934326171875
-0.073028564453125
-0.052978515625
-0.0078125
0.035797119140625
0.05364990234375
0.042083740234375
0.008941650390625
-0.021484375
-0.028778076171875
-0.02392578125
-0.016082763671875
0.002288818359375
0.025604248046875
0.041229248046875
0.04107666015625
0.016754150390625
-0.0213623046875
-0.0482177734375
-0.056976318359375
-0.051971435546875
-0.02801513671875
0.010986328125
0.042999267578125
0.055389404296875
0.04901123046875
0.023895263671875
-0.007354736328125
-0.02349853515625
-0.02301025390625
-0.014434814453125
0.000152587890625
0.012847900390625
0.014373779296875
0.002685546875
-0.02154541015625
-0.04583740234375
-0.04888916015625
-0.02362060546875
0.01922607421875
0.061309814453125
0.0828857421875
0.070098876953125
0.02301025390625
-0.04034423828125
-0.08758544921875
-0.0919189453125
-0.055694580078125
-0.004638671875
0.042022705078125
0.07366943359375
0.076263427734375
0.045867919921875
-0.003997802734375
-0.050872802734375
-0.0716552734375
-0.0621337890625
-0.033447265625
0.009796142578125
0.05059814453125
0.060302734375
0.040802001953125
0.014892578125
-0.007537841796875
-0.02447509765625
-0.035552978515625
-0.038360595703125
-0.02532958984375
-0.001190185546875
0.019012451171875
0.0306396484375
0.03656005859375
0.03564453125
0.02227783203125
-0.002166748046875
-0.023681640625
-0.033172607421875
-0.035491943359375
-0.036285400390625
-0.0335693359375
-0.01849365234375
0.011688232421875
0.0421142578125
0.058135986328125
0.0565185546875
0.033721923828125
-0.00494384765625
-0.036102294921875
-0.04144287109375
-0.027923583984375
-0.01544189453125
-0.010528564453125
-0.002227783203125
0.01495361328125
0.029632568359375
0.029296875
0.017059326171875
0.00018310546875
-0.02520751953125
-0.052093505859375
-0.05584716796875
-0.03240966796875
0.001739501953125
0.035369873046875
0.05511474609375
0.0548095703125
0.0455322265625
0.029388427734375
0.006439208984375
-0.013641357421875
-0.034210205078125
-0.057647705078125
-0.070220947265625
-0.06524658203125
-0.03826904296875
0.010467529296875
0.054656982421875
0.072418212890625
0.065704345703125
0.03863525390625
0.004058837890625
-0.02191162109375
-0.039520263671875
-0.046051025390625
-0.037445068359375
-0.0255126953125
-0.0113525390625
0.013092041015625
0.0364990234375
0.045806884765625
0.039093017578125
0.014129638671875
-0.020050048828125
-0.047515869140625
-0.06182861328125
-0.052886962890625
-0.0150146484375
0.0303955078125
0.062225341796875
0.075592041015625
0.06298828125
0.026031494140625
-0.0166015625
-0.055694580078125
-0.085723876953125
-0.090728759765625
-0.063140869140625
-0.01019287109375
0.04791259765625
0.08270263671875
0.083282470703125
0.056396484375
0.009246826171875
-0.03704833984375
-0.05792236328125
-0.04962158203125
-0.018798828125
0.017364501953125
0.033599853515625
0.026580810546875
0.003387451171875
-0.031829833984375
-0.0535888671875
-0.03863525390625
0.000274658203125
0.04229736328125
0.071380615234375
0.06646728515625
0.023590087890625
-0.036407470703125
-0.08551025390625
-0.09515380859375
-0.053131103515625
0.01611328125
0.071807861328125
0.091156005859375
0.07208251953125
0.023223876953125
-0.03448486328125
-0.0762939453125
-0.089263916015625
-0.071807861328125
-0.029571533203125
0.0234375
0.069915771484375
0.094635009765625
0.08575439453125
0.04150390625
-0.022735595703125
-0.07867431640625
-0.102294921875
-0.0869140625
-0.04022216796875
0.01806640625
0.0621337890625
0.076568603515625
0.057769775390625
0.01190185546875
-0.037384033203125
-0.06103515625
-0.0462646484375
-0.000640869140625
0.04913330078125
0.071258544921875
0.054962158203125
0.0115966796875
-0.04107666015625
-0.0819091796875
-0.09027099609375
-0.061431884765625
-0.010406494140625
0.04327392578125
0.081817626953125
0.086578369140625
0.054351806640625
0.0054931640625
-0.036376953125
-0.056396484375
-0.05096435546875
-0.030364990234375
-0.0023193359375
0.031707763671875
0.054443359375
0.043609619140625
0.00567626953125
-0.031097412109375
-0.047393798828125
-0.04217529296875
-0.023712158203125
-0.00042724609375
0.01898193359375
0.02734375
0.02703857421875
0.023529052734375
0.0162353515625
0.004119873046875
-0.009796142578125
-0.019927978515625
-0.0206298828125
-0.014801025390625
-0.009185791015625
-9.1552734375e-05
0.012786865234375
0.017059326171875
0.006927490234375
-0.014312744140625
-0.035919189453125
-0.036163330078125
-0.011016845703125
0.01702880859375
0.037322998046875
0.05059814453125
0.044464111328125
0.011871337890625
-0.03125
-0.059234619140625
-0.056793212890625
-0.032196044921875
-0.002593994140625
0.02655029296875
0.051116943359375
0.05914306640625
0.04180908203125
0.000457763671875
-0.046112060546875
-0.067230224609375
-0.051727294921875
-0.014892578125
0.027069091796875
0.060577392578125
0.065704345703125
0.03546142578125
-0.01220703125
-0.0506591796875
-0.05987548828125
-0.038055419921875
-0.00390625
0.027008056640625
0.0511474609375
0.061248779296875
0.04827880859375
0.0128173828125
-0.030487060546875
-0.059295654296875
-0.063812255859375
-0.04632568359375
-0.00872802734375
0.034332275390625
0.059539794921875
0.06170654296875
0.046142578125
0.015625
-0.01947021484375
-0.043670654296875
-0.049560546875
-0.039520263671875
-0.019134521484375
0.008758544921875
0.0382080078125
0.05426025390625
0.0413818359375
-0.00079345703125
-0.0498046875
-0.075897216796875
-0.06231689453125
-0.010650634765625
0.051300048828125
0.082427978515625
0.06793212890625
0.02215576171875
-0.030609130859375
-0.062591552734375
-0.061004638671875
-0.03253173828125
0.009185791015625
0.038604736328125
0.03558349609375
0.01263427734375
-0.009033203125
-0.022613525390625
-0.027679443359375
-0.028564453125
-0.028350830078125
-0.0184326171875
0.009796142578125
0.04718017578125
0.070556640625
0.065338134765625
0.03472900390625
-0.0093994140625
-0.050262451171875
-0.07427978515625
-0.079193115234375
-0.06134033203125
-0.0172119140625
0.035675048828125
0.06878662109375
0.068084716796875
0.040374755859375
0.002532958984375
-0.03033447265625
-0.046630859375
-0.0364990234375
0.0030517578125
0.058837890625
0.095611572265625
0.077301025390625
0.00714111328125
-0.073760986328125
-0.124359130859375
-0.12054443359375
-0.060821533203125
0.024444580078125
0.092681884765625
0.121734619140625
0.10748291015625
0.05621337890625
-0.008056640625
-0.061309814453125
-0.09173583984375
-0.0845947265625
-0.041412353515625
0.0096435546875
0.052886962890625
0.07904052734375
0.065399169921875
0.013702392578125
-0.047271728515625
-0.088104248046875
-0.0804443359375
-0.025634765625
0.037322998046875
0.07965087890625
0.09063720703125
0.065155029296875
0.015228271484375
-0.037384033203125
-0.07440185546875
-0.0855712890625
-0.072418212890625
-0.03692626953125
0.014556884765625
0.057037353515625
0.069122314453125
0.05340576171875
0.0244140625
-0.008087158203125
-0.040618896484375
-0.058685302734375
-0.041107177734375
0.005615234375
0.0472412109375
0.055633544921875
0.031036376953125
-0.00372314453125
-0.031951904296875
-0.051483154296875
-0.055511474609375
-0.0341796875
0.006927490234375
0.0430908203125
0.05426025390625
0.047088623046875
0.031646728515625
0.00628662109375
-0.021942138671875
-0.041900634765625
-0.045745849609375
-0.025390625
0.00567626953125
0.02362060546875
0.025146484375
0.01300048828125
-0.00567626953125
-0.01422119140625
-0.011077880859375
-0.00164794921875
0.012451171875
0.018463134765625
0.00994873046875
-0.002471923828125
-0.01007080078125
-0.01104736328125
-0.01080322265625
-0.012725830078125
-0.010772705078125
-0.00921630859375
-0.01373291015625
-0.014739990234375
-0.006744384765625
0.0126953125
0.041168212890625
0.051239013671875
0.026397705078125
-0.00982666015625
-0.033172607421875
-0.041473388671875
-0.039093017578125
-0.02783203125
-0.007293701171875
0.017303466796875
0.032318115234375
0.026611328125
0.00640869140625
-0.005096435546875
-0.000396728515625
0.00067138671875
-0.009307861328125
-0.0164794921875
-0.01580810546875
-0.0120849609375
-0.0076904296875
-0.000885009765625
0.01025390625
0.021392822265625
0.024017333984375
0.01373291015625
-0.000518798828125
-0.001556396484375
0.005462646484375
0.0008544921875
-0.010498046875
-0.017486572265625
-0.0245361328125
-0.02740478515625
-0.01922607421875
-0.005126953125
0.0135498046875
0.031890869140625
0.035552978515625
0.02374267578125
0.0074462890625
-0.007476806640625
-0.015380859375
-0.006927490234375
0.016754150390625
0.0333251953125
0.02203369140625
-0.00848388671875
-0.0352783203125
-0.046905517578125
-0.04638671875
-0.039642333984375
-0.019439697265625
0.020233154296875
0.05657958984375
0.066314697265625
0.057220458984375
0.03973388671875
0.01080322265625
-0.026641845703125
-0.06005859375
-0.074859619140625
-0.06024169921875
-0.023468017578125
0.013671875
0.0389404296875
0.050018310546875
0.041229248046875
0.014556884765625
-0.011138916015625
-0.022125244140625
-0.01727294921875
0.0010986328125
0.017181396484375
0.011444091796875
-0.009124755859375
-0.025146484375
-0.031829833984375
-0.027191162109375
-0.00665283203125
0.021209716796875
0.038330078125
0.033782958984375
0.00921630859375
-0.022705078125
-0.042724609375
-0.03790283203125
-0.013336181640625
0.017486572265625
0.04400634765625
0.053558349609375
0.037567138671875
0.005096435546875
-0.029296875
-0.055908203125
-0.0653076171875
-0.05279541015625
-0.021331787109375
0.02191162109375
0.060455322265625
0.07232666015625
0.050262451171875
0.0079345703125
-0.03204345703125
-0.0533447265625
-0.050323486328125
-0.024993896484375
0.00823974609375
0.02813720703125
0.030029296875
0.025634765625
0.016876220703125
-0.003173828125
-0.02569580078125
-0.02972412109375
-0.008331298828125
0.0213623046875
0.03619384765625
0.030914306640625
0.016143798828125
-0.003662109375
-0.028228759765625
-0.04400634765625
-0.037689208984375
-0.01678466796875
0.002716064453125
0.014495849609375
0.0220947265625
0.029388427734375
0.03076171875
0.017608642578125
-0.004119873046875
-0.022186279296875
-0.03515625
-0.038116455078125
-0.019195556640625
0.0157470703125
0.04351806640625
0.04571533203125
0.018890380859375
-0.019439697265625
-0.04327392578125
-0.045379638671875
-0.031280517578125
-0.00555419921875
0.020660400390625
0.0377197265625
0.04736328125
0.04693603515625
0.027801513671875
-0.009429931640625
-0.050201416015625
-0.07281494140625
-0.06414794921875
-0.029205322265625
0.018646240234375
0.0618896484375
0.08245849609375
0.07086181640625
0.029754638671875
-0.02276611328125
-0.062286376953125
-0.07806396484375
-0.067962646484375
-0.0302734375
0.022003173828125
0.062042236328125
0.0706787109375
0.0489501953125
0.013824462890625
-0.017852783203125
-0.035186767578125
-0.030059814453125
-0.00701904296875
0.016143798828125
0.023895263671875
0.011566162109375
-0.01226806640625
-0.034088134765625
-0.045623779296875
-0.036376953125
0.000885009765625
0.05133056640625
0.083984375
0.073089599609375
0.021484375
-0.0374755859375
-0.076995849609375
-0.08807373046875
-0.058135986328125
0.00787353515625
0.0711669921875
0.0977783203125
0.076171875
0.0123291015625
-0.060791015625
-0.103240966796875
-0.103118896484375
-0.067169189453125
-0.003204345703125
0.0697021484375
0.117095947265625
0.111175537109375
0.057037353515625
-0.0113525390625
-0.064178466796875
-0.088165283203125
-0.076446533203125
-0.0350341796875
0.013885498046875
0.047088623046875
0.049346923828125
0.023345947265625
-0.00921630859375
-0.034271240234375
-0.04901123046875
-0.041778564453125
-0.006591796875
0.03900146484375
0.072418212890625
0.077667236328125
0.047119140625
-0.007598876953125
-0.055908203125
-0.0703125
-0.047027587890625
-0.005340576171875
0.027618408203125
0.036834716796875
0.02801513671875
0.00933837890625
-0.016571044921875
-0.036102294921875
-0.0380859375
-0.02813720703125
-0.005645751953125
0.030029296875
0.0587158203125
0.064178466796875
0.045867919921875
0.00860595703125
-0.03265380859375
-0.061187744140625
-0.066162109375
-0.038665771484375
0.012908935546875
0.058624267578125
0.070281982421875
0.04150390625
-0.005767822265625
-0.044921875
-0.0657958984375
-0.063079833984375
-0.0379638671875
-0.00115966796875
0.04229736328125
0.07647705078125
0.0738525390625
0.03814697265625
-0.00408935546875
-0.03985595703125
-0.056854248046875
-0.040924072265625
-0.005279541015625
0.020050048828125
0.0225830078125
0.007537841796875
-0.013458251953125
-0.02569580078125
-0.026458740234375
-0.02191162109375
-0.006744384765625
0.015411376953125
0.0263671875
0.02862548828125
0.0274658203125
0.011749267578125
-0.01019287109375
-0.0240478515625
-0.03448486328125
-0.03436279296875
-0.015533447265625
0.007293701171875
0.0244140625
0.032318115234375
0.02105712890625
-0.00482177734375
-0.031890869140625
-0.05010986328125
-0.043487548828125
-0.010040283203125
0.02325439453125
0.036041259765625
0.03485107421875
0.025634765625
0.00408935546875
-0.021820068359375
-0.03472900390625
-0.0301513671875
-0.01416015625
0.00469970703125
0.019561767578125
0.029327392578125
0.026123046875
0.001983642578125
-0.02703857421875
-0.04071044921875
-0.03912353515625
-0.024566650390625
0.003570556640625
0.035858154296875
0.055023193359375
0.0478515625
0.01885986328125
-0.009979248046875
-0.02178955078125
-0.01873779296875
-0.011749267578125
-0.004974365234375
0.000885009765625
0.000885009765625
-0.003082275390625
-0.004913330078125
-0.00811767578125
-0.011932373046875
-0.007781982421875
0.001312255859375
0.008697509765625
0.014984130859375
0.01812744140625
0.01678466796875
0.01251220703125
0.003631591796875
-0.005645751953125
-0.006561279296875
-0.00152587890625
0.000946044921875
-0.000274658203125
-0.0010986328125
0.00177001953125
0.0054931640625
-0.00408935546875
-0.036102294921875
-0.069549560546875
-0.0706787109375
-0.03033447265625
0.03326416015625
0.08843994140625
0.10693359375
0.085723876953125
0.038970947265625
-0.018096923828125
-0.061126708984375
-0.072967529296875
-0.062652587890625
-0.0396728515625
-0.008514404296875
0.011932373046875
0.013580322265625
0.013031005859375
0.013397216796875
0.001861572265625
-0.013946533203125
-0.012664794921875
0.010894775390625
0.043914794921875
0.064239501953125
0.05218505859375
0.01220703125
-0.02886962890625
-0.052520751953125
-0.05987548828125
-0.0545654296875
-0.035552978515625
-0.00640869140625
0.0223388671875
0.03948974609375
0.0382080078125
0.02532958984375
0.01544189453125
0.006256103515625
-0.011016845703125
-0.02349853515625
-0.016754150390625
0.001251220703125
0.015655517578125
0.016876220703125
0.004608154296875
-0.011016845703125
-0.02349853515625
-0.028594970703125
-0.019500732421875
-0.00445556640625
0.00286865234375
0.00775146484375
0.014404296875
0.013824462890625
0.00653076171875
-0.001983642578125
-0.013946533203125
-0.021942138671875
-0.01129150390625
0.012847900390625
0.03057861328125
0.029754638671875
0.00933837890625
-0.019256591796875
-0.03900146484375
-0.047149658203125
-0.04437255859375
-0.01806640625
0.027984619140625
0.060150146484375
0.058013916015625
0.034393310546875
0.00640869140625
-0.019378662109375
-0.035919189453125
-0.035736083984375
-0.01934814453125
0.004974365234375
0.021881103515625
0.021209716796875
0.013397216796875
0.00799560546875
-0.002716064453125
-0.015960693359375
-0.0181884765625
-0.0093994140625
0.006195068359375
0.023895263671875
0.032867431640625
0.031524658203125
0.02154541015625
0.0009765625
-0.01947021484375
-0.029876708984375
-0.034088134765625
-0.02960205078125
-0.01214599609375
0.012786865234375
0.035980224609375
0.041107177734375
0.019683837890625
-0.00836181640625
-0.022552490234375
-0.024658203125
-0.02032470703125
-0.00799560546875
0.010345458984375
0.022186279296875
0.01873779296875
0.009552001953125
0.00421142578125
-0.003021240234375
-0.014312744140625
-0.023681640625
-0.0283203125
-0.023834228515625
-0.00634765625
0.018035888671875
0.03717041015625
0.0355224609375
0.005157470703125
-0.03125
-0.040435791015625
-0.021331787109375
0.00531005859375
0.025909423828125
0.029510498046875
0.011505126953125
-0.01690673828125
-0.04168701171875
-0.0489501953125
-0.03094482421875
-0.00335693359375
0.0172119140625
0.034210205078125
0.04608154296875
0.043060302734375
0.0250244140625
-0.005462646484375
-0.041290283203125
-0.060943603515625
-0.0487060546875
-0.012237548828125
0.027557373046875
0.050689697265625
0.043731689453125
0.009552001953125
-0.027191162109375
-0.044158935546875
-0.040435791015625
-0.01983642578125
0.01318359375
0.041015625
0.04791259765625
0.033843994140625
0.00897216796875
-0.014251708984375
-0.032623291015625
-0.043701171875
-0.035858154296875
-0.01025390625
0.01409912109375
0.0233154296875
0.01605224609375
0.003631591796875
-0.002532958984375
-0.007537841796875
-0.012481689453125
-0.004608154296875
0.0157470703125
0.031768798828125
0.02935791015625
0.0084228515625
-0.01617431640625
-0.03192138671875
-0.0401611328125
-0.04412841796875
-0.038299560546875
-0.014373779296875
0.01947021484375
0.04144287109375
0.045501708984375
0.040435791015625
0.028045654296875
0.006134033203125
-0.021148681640625
-0.038787841796875
-0.033782958984375
-0.016357421875
-0.001190185546875
0.012237548828125
0.0220947265625
0.020660400390625
0.001068115234375
-0.034576416015625
-0.058349609375
-0.04833984375
-0.019439697265625
0.015167236328125
0.05206298828125
0.073974609375
0.071746826171875
0.04571533203125
-0.00262451171875
-0.045684814453125
-0.0555419921875
-0.0443115234375
-0.030120849609375
-0.015533447265625
-0.007354736328125
-0.005096435546875
0.003021240234375
0.013824462890625
0.017425537109375
0.019683837890625
0.02490234375
0.02423095703125
0.015594482421875
0.005126953125
-0.004241943359375
-0.01104736328125
-0.018402099609375
-0.028411865234375
-0.02886962890625
-0.011688232421875
0.01300048828125
0.030792236328125
0.02679443359375
0.000152587890625
-0.021453857421875
-0.01885986328125
-0.002716064453125
0.014678955078125
0.0247802734375
0.020782470703125
0.01263427734375
0.010955810546875
0.007904052734375
-0.0048828125
-0.025543212890625
-0.047332763671875
-0.05712890625
-0.043701171875
-0.01025390625
0.02911376953125
0.0599365234375
0.072052001953125
0.061248779296875
0.0335693359375
0.005615234375
-0.0147705078125
-0.03594970703125
-0.057373046875
-0.0657958984375
-0.05389404296875
-0.019134521484375
0.026031494140625
0.05023193359375
0.044281005859375
0.025543212890625
0.003173828125
-0.012481689453125
-0.008941650390625
0.004180908203125
0.01580810546875
0.024139404296875
0.017730712890625
-0.006195068359375
-0.0316162109375
-0.0479736328125
-0.0501708984375
-0.03509521484375
-0.01202392578125
0.00933837890625
0.02789306640625
0.0406494140625
0.042236328125
0.032623291015625
0.0185546875
0.00830078125
0.006195068359375
0.0084228515625
0.002685546875
-0.020263671875
-0.051727294921875
-0.071319580078125
-0.065521240234375
-0.03607177734375
0.00341796875
0.037689208984375
0.0589599609375
0.06488037109375
0.05426025390625
0.032440185546875
0.011505126953125
-0.00341796875
-0.016021728515625
-0.026214599609375
-0.0306396484375
-0.0284423828125
-0.022796630859375
-0.02301025390625
-0.031768798828125
-0.035430908203125
-0.02020263671875
0.013885498046875
0.05194091796875
0.074493408203125
0.072723388671875
0.0450439453125
-0.002410888671875
-0.04779052734375
-0.072113037109375
-0.06707763671875
-0.0272216796875
0.025543212890625
0.05035400390625
0.038787841796875
0.010528564453125
-0.016357421875
-0.02899169921875
-0.02679443359375
-0.01806640625
-0.007720947265625
0.00201416015625
0.01593017578125
0.03704833984375
0.049774169921875
0.039794921875
0.011627197265625
-0.022705078125
-0.049163818359375
-0.0556640625
-0.041595458984375
-0.0145263671875
0.0155029296875
0.036163330078125
0.0372314453125
0.02093505859375
0.0006103515625
-0.01153564453125
-0.009429931640625
0.00152587890625
0.00732421875
0.00921630859375
0.01611328125
0.01470947265625
-0.00885009765625
-0.039886474609375
-0.054779052734375
-0.0426025390625
-0.010650634765625
0.021759033203125
0.041839599609375
0.0458984375
0.032196044921875
0.00701904296875
-0.017242431640625
-0.03125
-0.02960205078125
-0.0152587890625
0.00091552734375
0.010467529296875
0.013427734375
0.0118408203125
0.004638671875
-0.0064697265625
-0.015655517578125
-0.017578125
-0.009857177734375
0.002105712890625
0.008575439453125
0.008087158203125
0.004974365234375
0.0037841796875
0.00762939453125
0.009490966796875
0.002777099609375
-0.00616455078125
-0.012603759765625
-0.015350341796875
-0.009429931640625
0.00360107421875
0.016815185546875
0.023162841796875
0.014068603515625
-0.007080078125
-0.02459716796875
-0.028289794921875
-0.017181396484375
0.00189208984375
0.01904296875
0.029052734375
0.026763916015625
0.0126953125
-0.00048828125
-0.00823974609375
-0.014007568359375
-0.01202392578125
0.00103759765625
0.016143798828125
0.02484130859375
0.02032470703125
-0.000885009765625
-0.028717041015625
-0.048309326171875
-0.05047607421875
-0.028045654296875
0.01422119140625
0.0528564453125
0.067962646484375
0.059173583984375
0.03564453125
0.003448486328125
-0.03448486328125
-0.066680908203125
-0.074188232421875
-0.050567626953125
-0.0079345703125
0.03497314453125
0.0635986328125
0.07147216796875
0.051025390625
-0.000335693359375
-0.05694580078125
-0.083953857421875
-0.069671630859375
-0.02044677734375
0.039764404296875
0.077606201171875
0.078643798828125
0.042694091796875
-0.019683837890625
-0.07470703125
-0.0938720703125
-0.07476806640625
-0.02471923828125
0.03564453125
0.075592041015625
0.08050537109375
0.05426025390625
0.010467529296875
-0.032684326171875
-0.05908203125
-0.058837890625
-0.033935546875
0.0032958984375
0.036773681640625
0.047607421875
0.02880859375
-0.00762939453125
-0.04730224609375
-0.072418212890625
-0.061370849609375
-0.013458251953125
0.04486083984375
0.0821533203125
0.08428955078125
0.055145263671875
0.0029296875
-0.054046630859375
-0.08465576171875
-0.073028564453125
-0.0294189453125
0.02215576171875
0.056060791015625
0.060821533203125
0.038116455078125
-0.003326416015625
-0.04290771484375
-0.063720703125
-0.062042236328125
-0.035125732421875
0.00836181640625
0.044921875
0.060394287109375
0.053985595703125
0.033416748046875
0.0078125
-0.02191162109375
-0.0484619140625
-0.05596923828125
-0.04083251953125
-0.006439208984375
0.03680419921875
0.060943603515625
0.04949951171875
0.018585205078125
-0.008148193359375
-0.024017333984375
-0.035614013671875
-0.041748046875
-0.030242919921875
-0.0050048828125
0.014678955078125
0.024200439453125
0.0316162109375
0.03765869140625
0.0374755859375
0.0279541015625
0.009735107421875
-0.011260986328125
-0.02655029296875
-0.03265380859375
-0.03369140625
-0.033233642578125
-0.026641845703125
-0.00579833984375
0.0255126953125
0.048828125
0.051727294921875
0.03814697265625
0.01361083984375
-0.016021728515625
-0.035736083984375
-0.03619384765625
-0.02313232421875
-0.006011962890625
0.005126953125
0.006866455078125
0.00848388671875
0.012542724609375
0.010467529296875
0.003448486328125
-0.003143310546875
-0.008026123046875
-0.004119873046875
0.00543212890625
0.003143310546875
-0.00848388671875
-0.01312255859375
-0.0103759765625
-0.00213623046875
0.013397216796875
0.02484130859375
0.018096923828125
-0.006744384765625
-0.03619384765625
-0.0516357421875
-0.042877197265625
-0.0133056640625
0.0264892578125
0.060638427734375
0.071624755859375
0.04937744140625
0.003021240234375
-0.039703369140625
-0.059112548828125
-0.05596923828125
-0.0360107421875
-0.0067138671875
0.021026611328125
0.03948974609375
0.039642333984375
0.019775390625
-0.003082275390625
-0.0125732421875
-0.00653076171875
0.010650634765625
0.027557373046875
0.0311279296875
0.017425537109375
-0.010772705078125
-0.043182373046875
-0.060821533203125
-0.0491943359375
-0.01495361328125
0.0203857421875
0.042572021484375
0.04827880859375
0.037078857421875
0.017578125
0.004974365234375
0.004791259765625
0.010406494140625
0.010467529296875
-0.00054931640625
-0.01446533203125
-0.02203369140625
-0.022857666015625
-0.018829345703125
-0.013031005859375
-0.00897216796875
-0.00433349609375
0.004852294921875
0.015869140625
0.02178955078125
0.01904296875
0.00946044921875
-0.003662109375
-0.01361083984375
-0.011505126953125
0.001922607421875
0.017181396484375
0.02532958984375
0.0194091796875
0.00238037109375
-0.01141357421875
-0.018096923828125
-0.0277099609375
-0.04168701171875
-0.0472412109375
-0.03271484375
0.00262451171875
0.046600341796875
0.075531005859375
0.07177734375
0.039154052734375
-0.008331298828125
-0.055328369140625
-0.0784912109375
-0.061767578125
-0.014617919921875
0.0380859375
0.07098388671875
0.070953369140625
0.044525146484375
0.004058837890625
-0.03924560546875
-0.070526123046875
-0.07861328125
-0.060638427734375
-0.018768310546875
0.0343017578125
0.077606201171875
0.09246826171875
0.0721435546875
0.02764892578125
-0.020538330078125
-0.056304931640625
-0.069854736328125
-0.057373046875
-0.023956298828125
0.013763427734375
0.0347900390625
0.034393310546875
0.0235595703125
0.006683349609375
-0.013824462890625
-0.025787353515625
-0.019317626953125
0.003662109375
0.03076171875
0.045440673828125
0.0400390625
0.0166015625
-0.01788330078125
-0.04736328125
-0.0574951171875
-0.04541015625
-0.01605224609375
0.01495361328125
0.029937744140625
0.027984619140625
0.01641845703125
0.0009765625
-0.009246826171875
-0.00933837890625
-0.0006103515625
0.017608642578125
0.03814697265625
0.044036865234375
0.026824951171875
-0.0098876953125
-0.05133056640625
-0.075897216796875
-0.0733642578125
-0.048492431640625
-0.007415771484375
0.037353515625
0.063995361328125
0.062286376953125
0.041259765625
0.01416015625
-0.009552001953125
-0.02447509765625
-0.030120849609375
-0.0242919921875
-0.003387451171875
0.022705078125
0.032135009765625
0.01519775390625
-0.017120361328125
-0.04608154296875
-0.0579833984375
-0.047515869140625
-0.014495849609375
0.030517578125
0.062347412109375
0.065185546875
0.047149658203125
0.0201416015625
-0.00811767578125
-0.029327392578125
-0.041015625
-0.038177490234375
-0.01593017578125
0.007354736328125
0.01397705078125
0.014312744140625
0.012725830078125
-0.001617431640625
-0.02191162109375
-0.0318603515625
-0.021728515625
0.011932373046875
0.051544189453125
0.067779541015625
0.050994873046875
0.010986328125
-0.031524658203125
-0.053375244140625
-0.05010986328125
-0.033111572265625
-0.011749267578125
0.00701904296875
0.01849365234375
0.0213623046875
0.014923095703125
0.00384521484375
-0.00384521484375
-0.0040283203125
0.00299072265625
0.01312255859375
0.021514892578125
0.0247802734375
0.017547607421875
0.00030517578125
-0.018310546875
-0.034271240234375
-0.043365478515625
-0.037750244140625
-0.020263671875
-0.001373291015625
0.01385498046875
0.02398681640625
0.030487060546875
0.03399658203125
0.028472900390625
0.011871337890625
-0.0068359375
-0.017547607421875
-0.017852783203125
-0.01202392578125
-0.00439453125
0.00128173828125
-0.000244140625
-0.00677490234375
-0.01019287109375
-0.0107421875
-0.010284423828125
-0.003662109375
0.00616455078125
0.0101318359375
0.0103759765625
0.01092529296875
0.012054443359375
0.01654052734375
0.018157958984375
0.00909423828125
0.000457763671875
-0.00262451171875
-0.013427734375
-0.028564453125
-0.031890869140625
-0.023956298828125
-0.009246826171875
0.008514404296875
0.019775390625
0.025665283203125
0.0325927734375
0.035064697265625
0.030731201171875
0.02398681640625
0.013153076171875
-0.002105712890625
-0.018646240234375
-0.0328369140625
-0.037384033203125
-0.03216552734375
-0.024932861328125
-0.017791748046875
-0.01336669921875
-0.013427734375
-0.00457763671875
0.022552490234375
0.053436279296875
0.068817138671875
0.0596923828125
0.029083251953125
-0.00628662109375
-0.031036376953125
-0.0419921875
-0.038238525390625
-0.0242919921875
-0.01434326171875
-0.013092041015625
-0.01251220703125
-0.008087158203125
-0.001068115234375
0.002777099609375
-0.000640869140625
-0.001251220703125
0.009033203125
0.021270751953125
0.0308837890625
0.038330078125
0.0313720703125
0.0042724609375
-0.028961181640625
-0.053070068359375
-0.0562744140625
-0.03515625
-0.00604248046875
0.014404296875
0.02471923828125
0.025177001953125
0.017669677734375
0.00982666015625
0.0020751953125
-0.00836181640625
-0.015625
-0.011993408203125
0.00421142578125
0.025054931640625
0.03363037109375
0.020355224609375
-0.008941650390625
-0.041046142578125
-0.0579833984375
-0.0458984375
-0.0087890625
0.036895751953125
0.0701904296875
0.072662353515625
0.0445556640625
0.003021240234375
-0.033050537109375
-0.050079345703125
-0.046356201171875
-0.028778076171875
-0.003875732421875
0.0185546875
0.029052734375
0.025909423828125
0.009002685546875
-0.01434326171875
-0.026031494140625
-0.018463134765625
-0.00128173828125
0.014801025390625
0.024993896484375
0.028717041015625
0.024169921875
0.007965087890625
-0.014129638671875
-0.027862548828125
-0.025726318359375
-0.013885498046875
-0.00506591796875
-0.00372314453125
-0.00372314453125
-0.002166748046875
-9.1552734375e-05
0.00360107421875
0.00677490234375
0.00726318359375
0.009918212890625
0.01666259765625
0.019195556640625
0.00958251953125
-0.011260986328125
-0.03460693359375
-0.050567626953125
-0.052490234375
-0.035919189453125
-0.00286865234375
0.03314208984375
0.0587158203125
0.069610595703125
0.058563232421875
0.02081298828125
-0.02783203125
-0.065032958984375
-0.07928466796875
-0.064849853515625
-0.027862548828125
0.016021728515625
0.056610107421875
0.076934814453125
0.059661865234375
0.01861572265625
-0.0211181640625
-0.049774169921875
-0.056976318359375
-0.0394287109375
-0.012481689453125
0.012603759765625
0.031890869140625
0.04058837890625
0.03985595703125
0.030029296875
0.00909423828125
-0.0140380859375
-0.0269775390625
-0.025604248046875
-0.013397216796875
0.00067138671875
0.00909423828125
0.007904052734375
-0.002655029296875
-0.01141357421875
-0.010009765625
-0.003448486328125
0.0067138671875
0.01739501953125
0.016204833984375
0.00482177734375
-0.003570556640625
-0.0078125
-0.010986328125
-0.01226806640625
-0.011566162109375
-0.00396728515625
0.012969970703125
0.027374267578125
0.027984619140625
0.014678955078125
-0.009521484375
-0.038848876953125
-0.060302734375
-0.05975341796875
-0.032745361328125
0.011383056640625
0.05230712890625
0.068450927734375
0.051910400390625
0.013916015625
-0.025390625
-0.051300048828125
-0.058380126953125
-0.044708251953125
-0.014617919921875
0.017333984375
0.040283203125
0.050933837890625
0.04034423828125
0.0062255859375
-0.033660888671875
-0.0592041015625
-0.056915283203125
-0.024200439453125
0.0194091796875
0.04998779296875
0.0594482421875
0.046966552734375
0.015411376953125
-0.02825927734375
-0.071136474609375
-0.087646484375
-0.062042236328125
-0.010101318359375
0.04156494140625
0.074462890625
0.0828857421875
0.068206787109375
0.026123046875
-0.031219482421875
-0.0677490234375
-0.0711669921875
-0.05206298828125
-0.010833740234375
0.036834716796875
0.0592041015625
0.04736328125
0.0106201171875
-0.03167724609375
-0.0526123046875
-0.046478271484375
-0.023345947265625
0.0120849609375
0.0487060546875
0.069061279296875
0.0606689453125
0.018585205078125
-0.0416259765625
-0.08819580078125
-0.09527587890625
-0.05352783203125
0.016021728515625
0.073089599609375
0.09503173828125
0.0767822265625
0.02264404296875
-0.0391845703125
-0.07220458984375
-0.06463623046875
-0.032989501953125
-0.003448486328125
0.011810302734375
0.016754150390625
0.01312255859375
0.00189208984375
-0.01025390625
-0.01806640625
-0.019256591796875
-0.010589599609375
0.0103759765625
0.035888671875
0.0467529296875
0.036834716796875
0.01898193359375
-0.003997802734375
-0.0338134765625
-0.0548095703125
-0.052337646484375
-0.028900146484375
0.001068115234375
0.018218994140625
0.02197265625
0.0260009765625
0.0223388671875
0.00091552734375
-0.0203857421875
-0.028076171875
-0.024688720703125
-0.003326416015625
0.033843994140625
0.060333251953125
0.057281494140625
0.02734375
-0.01654052734375
-0.05419921875
-0.0703125
-0.061553955078125
-0.027679443359375
0.01947021484375
0.053375244140625
0.0634765625
0.056854248046875
0.033233642578125
-0.005279541015625
-0.041290283203125
-0.059326171875
-0.055206298828125
-0.03155517578125
0.001861572265625
0.0302734375
0.039520263671875
0.025543212890625
0.001708984375
-0.014312744140625
-0.016845703125
-0.009490966796875
0.002716064453125
0.01593017578125
0.025238037109375
0.02191162109375
0.00335693359375
-0.017364501953125
-0.02716064453125
-0.026397705078125
-0.019927978515625
-0.00982666015625
0.000885009765625
0.00799560546875
0.00933837890625
0.003814697265625
-0.005096435546875
-0.0076904296875
3.0517578125e-05
0.010467529296875
0.0179443359375
0.021331787109375
0.016021728515625
0.003570556640625
-0.008544921875
-0.02142333984375
-0.03485107421875
-0.0394287109375
-0.030059814453125
-0.006317138671875
0.029266357421875
0.062255859375
0.075439453125
0.061126708984375
0.020111083984375
-0.03460693359375
-0.079071044921875
-0.091217041015625
-0.064544677734375
-0.01617431640625
0.028533935546875
0.053924560546875
0.05120849609375
0.02557373046875
-0.001922607421875
-0.019317626953125
-0.0245361328125
-0.014129638671875
0.00634765625
0.02667236328125
0.0406494140625
0.0399169921875
0.02410888671875
-0.001007080078125
-0.036468505859375
-0.07049560546875
-0.0775146484375
-0.05078125
-0.006011962890625
0.032989501953125
0.046875
0.03662109375
0.015167236328125
-0.007843017578125
-0.0194091796875
-0.009796142578125
0.011688232421875
0.030029296875
0.04168701171875
0.044097900390625
0.025482177734375
-0.016998291015625
-0.065093994140625
-0.095672607421875
-0.094085693359375
-0.05767822265625
0.0006103515625
0.060577392578125
0.09979248046875
0.09564208984375
0.048980712890625
-0.01123046875
-0.05511474609375
-0.065155029296875
-0.04327392578125
-0.009674072265625
0.02227783203125
0.0465087890625
0.047760009765625
0.02252197265625
-0.01177978515625
-0.041473388671875
-0.056365966796875
-0.04412841796875
-0.0115966796875
0.0177001953125
0.03204345703125
0.03155517578125
0.01812744140625
0.0023193359375
-0.002838134765625
0.00201416015625
0.01019287109375
0.0177001953125
0.0152587890625
-0.002105712890625
-0.021331787109375
-0.032623291015625
-0.04022216796875
-0.03765869140625
-0.015411376953125
0.01300048828125
0.0345458984375
0.051849365234375
0.056304931640625
0.035247802734375
-0.00360107421875
-0.04278564453125
-0.0625
-0.04876708984375
-0.01434326171875
0.01910400390625
0.043975830078125
0.053314208984375
0.04071044921875
0.011688232421875
-0.023406982421875
-0.052734375
-0.0635986328125
-0.0499267578125
-0.01611328125
0.02301025390625
0.05242919921875
0.06390380859375
0.052215576171875
0.020355224609375
-0.018157958984375
-0.0457763671875
-0.04632568359375
-0.023345947265625
0.000244140625
0.013641357421875
0.0186767578125
0.013946533203125
0.00262451171875
-0.01043701171875
-0.021942138671875
-0.024322509765625
-0.01812744140625
-0.010528564453125
-0.00054931640625
0.01214599609375
0.022613525390625
0.02728271484375
0.0223388671875
0.010101318359375
-0.0006103515625
-0.006072998046875
-0.005950927734375
-0.001129150390625
0.002349853515625
-0.003143310546875
-0.020477294921875
-0.04248046875
-0.05255126953125
-0.036651611328125
0.00042724609375
0.03521728515625
0.0506591796875
0.047119140625
0.02557373046875
-0.005889892578125
-0.0262451171875
-0.02783203125
-0.016876220703125
0.002532958984375
0.02069091796875
0.031463623046875
0.037689208984375
0.03057861328125
-0.000274658203125
-0.04547119140625
-0.084625244140625
-0.096160888671875
-0.065887451171875
-0.00213623046875
0.06500244140625
0.1021728515625
0.094573974609375
0.052490234375
-0.0015869140625
-0.044342041015625
-0.060333251953125
-0.048828125
-0.019500732421875
0.010894775390625
0.024932861328125
0.019134521484375
0.002349853515625
-0.01568603515625
-0.028167724609375
-0.030853271484375
-0.01812744140625
0.009796142578125
0.0382080078125
0.052001953125
0.0457763671875
0.019256591796875
-0.01861572265625
-0.049957275390625
-0.059722900390625
-0.0439453125
-0.012176513671875
0.021209716796875
0.045013427734375
0.04974365234375
0.035186767578125
0.013336181640625
-0.00787353515625
-0.02716064453125
-0.037872314453125
-0.0316162109375
-0.010406494140625
0.014434814453125
0.033782958984375
0.041900634765625
0.033416748046875
0.009185791015625
-0.02099609375
-0.041259765625
-0.037353515625
-0.013580322265625
0.0137939453125
0.035247802734375
0.041290283203125
0.026214599609375
0.00439453125
-0.00982666015625
-0.016082763671875
-0.01300048828125
-0.004058837890625
-0.00030517578125
-0.00152587890625
-0.0003662109375
0.002960205078125
0.0037841796875
-0.001922607421875
-0.011932373046875
-0.016632080078125
-0.00927734375
0.008270263671875
0.028106689453125
0.03662109375
0.0240478515625
-0.004608154296875
-0.03472900390625
-0.0511474609375
-0.04498291015625
-0.021026611328125
0.00958251953125
0.036468505859375
0.045013427734375
0.03009033203125
0.00933837890625
-0.003631591796875
-0.0137939453125
-0.023590087890625
-0.02850341796875
-0.0240478515625
-0.00787353515625
0.01007080078125
0.0184326171875
0.02099609375
0.01849365234375
0.002166748046875
-0.02069091796875
-0.02911376953125
-0.018218994140625
-0.0020751953125
0.01141357421875
0.025787353515625
0.037872314453125
0.0369873046875
0.0181884765625
-0.01275634765625
-0.036895751953125
-0.039459228515625
-0.029998779296875
-0.017120361328125
0.006195068359375
0.032440185546875
0.042144775390625
0.03277587890625
0.011932373046875
-0.011505126953125
-0.02410888671875
-0.02142333984375
-0.008209228515625
0.010498046875
0.02398681640625
0.023590087890625
0.01593017578125
0.00762939453125
-0.001800537109375
-0.00811767578125
-0.00897216796875
-0.008514404296875
-0.007598876953125
-0.0068359375
-0.00494384765625
0.00677490234375
0.024383544921875
0.030548095703125
0.02288818359375
0.009307861328125
-0.0086669921875
-0.02508544921875
-0.030548095703125
-0.022674560546875
-0.004730224609375
0.0133056640625
0.020782470703125
0.019317626953125
0.01483154296875
0.0084228515625
0.002838134765625
0.00244140625
0.006378173828125
0.00970458984375
0.007781982421875
-0.002227783203125
-0.019805908203125
-0.037750244140625
-0.046112060546875
-0.040985107421875
-0.02197265625
0.007171630859375
0.031646728515625
0.037994384765625
0.030181884765625
0.016571044921875
-0.00030517578125
-0.014984130859375
-0.019439697265625
-0.0106201171875
0.008148193359375
0.02606201171875
0.029510498046875
0.013519287109375
-0.01776123046875
-0.053955078125
-0.07598876953125
-0.068695068359375
-0.037567138671875
0.004302978515625
0.0472412109375
0.075531005859375
0.074615478515625
0.04876708984375
0.015472412109375
-0.012298583984375
-0.03302001953125
-0.047271728515625
-0.04913330078125
-0.0355224609375
-0.013153076171875
0.0081787109375
0.0216064453125
0.02764892578125
0.027557373046875
0.015045166015625
-0.005401611328125
-0.01458740234375
-0.009918212890625
-0.001861572265625
0.007568359375
0.012451171875
0.007476806640625
0.000518798828125
-0.005157470703125
-0.010040283203125
-0.008148193359375
-0.00152587890625
0.004638671875
0.009002685546875
0.00408935546875
-0.00775146484375
-0.012420654296875
-0.010040283203125
-0.003143310546875
0.011962890625
0.025848388671875
0.02923583984375
0.024871826171875
0.012298583984375
-0.005889892578125
-0.020843505859375
-0.030975341796875
-0.03448486328125
-0.02679443359375
-0.01019287109375
0.01031494140625
0.027099609375
0.031219482421875
0.022247314453125
0.005950927734375
-0.01025390625
-0.0185546875
-0.018096923828125
-0.012786865234375
-0.002532958984375
0.012451171875
0.028289794921875
0.03802490234375
0.03411865234375
0.014129638671875
-0.01702880859375
-0.04730224609375
-0.063140869140625
-0.058349609375
-0.031982421875
0.010345458984375
0.047454833984375
0.0582275390625
0.044281005859375
0.02130126953125
0.00128173828125
-0.010589599609375
-0.0140380859375
-0.01031494140625
-0.001373291015625
0.00494384765625
-0.000152587890625
-0.0125732421875
-0.021728515625
-0.024566650390625
-0.021026611328125
-0.010162353515625
0.006317138671875
0.027069091796875
0.044189453125
0.041534423828125
0.0194091796875
-0.004913330078125
-0.0233154296875
-0.035186767578125
-0.036285400390625
-0.023529052734375
-0.0006103515625
0.02093505859375
0.029754638671875
0.0240478515625
0.0091552734375
-0.00701904296875
-0.0203857421875
-0.028961181640625
-0.02362060546875
-0.00360107421875
0.01641845703125
0.03131103515625
0.038299560546875
0.02691650390625
0.0068359375
-0.00799560546875
-0.024078369140625
-0.03594970703125
-0.02947998046875
-0.014190673828125
-0.002166748046875
0.005889892578125
0.00726318359375
0.00775146484375
0.0150146484375
0.020660400390625
0.0216064453125
0.025726318359375
0.02691650390625
0.014801025390625
-0.006927490234375
-0.03253173828125
-0.056427001953125
-0.06640625
-0.055023193359375
-0.0223388671875
0.025543212890625
0.0687255859375
0.085968017578125
0.070098876953125
0.024566650390625
-0.03057861328125
-0.06524658203125
-0.068023681640625
-0.046783447265625
-0.01226806640625
0.022705078125
0.04730224609375
0.05413818359375
0.038482666015625
0.0078125
-0.02264404296875
-0.04296875
-0.046661376953125
-0.03131103515625
-0.001739501953125
0.032135009765625
0.053741455078125
0.04791259765625
0.01654052734375
-0.020355224609375
-0.04058837890625
-0.037139892578125
-0.0185546875
0.005340576171875
0.02667236328125
0.03619384765625
0.02923583984375
0.012603759765625
-0.0028076171875
-0.012939453125
-0.016326904296875
-0.010162353515625
0.00128173828125
0.010589599609375
0.013671875
0.005218505859375
-0.01068115234375
-0.020965576171875
-0.02288818359375
-0.01373291015625
0.01171875
0.04046630859375
0.056365966796875
0.05322265625
0.0255126953125
-0.0166015625
-0.049285888671875
-0.062408447265625
-0.054443359375
-0.0263671875
0.009368896484375
0.038787841796875
0.05364990234375
0.048065185546875
0.0250244140625
-0.004180908203125
-0.027618408203125
-0.03704833984375
-0.03021240234375
-0.01025390625
0.013641357421875
0.029571533203125
0.02996826171875
0.011444091796875
-0.018157958984375
-0.0390625
-0.039276123046875
-0.021728515625
0.005157470703125
0.030120849609375
0.041961669921875
0.034210205078125
0.01025390625
-0.014862060546875
-0.0277099609375
-0.025634765625
-0.013641357421875
-0.001739501953125
0.005645751953125
0.010986328125
0.010284423828125
0.001373291015625
-0.008758544921875
-0.014984130859375
-0.01177978515625
0.0047607421875
0.0250244140625
0.03704833984375
0.0364990234375
0.02105712890625
-0.006317138671875
-0.03582763671875
-0.0562744140625
-0.056884765625
-0.03424072265625
0.0028076171875
0.0390625
0.062530517578125
0.066802978515625
0.04815673828125
0.010711669921875
-0.0277099609375
-0.04962158203125
-0.049957275390625
-0.03338623046875
-0.009613037109375
0.014190673828125
0.033477783203125
0.036712646484375
0.01812744140625
-0.008819580078125
-0.0283203125
-0.033355712890625
-0.01861572265625
0.012451171875
0.043609619140625
0.05987548828125
0.050689697265625
0.011077880859375
-0.039398193359375
-0.064727783203125
-0.052947998046875
-0.02203369140625
0.0096435546875
0.029876708984375
0.029754638671875
0.01385498046875
-0.004364013671875
-0.01654052734375
-0.01458740234375
0.00506591796875
0.0262451171875
0.032623291015625
0.030242919921875
0.0228271484375
0.00054931640625
-0.03228759765625
-0.058685302734375
-0.068359375
-0.05364990234375
-0.016143798828125
0.025543212890625
0.053863525390625
0.060791015625
0.045257568359375
0.01568603515625
-0.014801025390625
-0.0333251953125
-0.03143310546875
-0.01397705078125
0.006378173828125
0.01922607421875
0.019195556640625
0.0093994140625
-0.006256103515625
-0.0260009765625
-0.03802490234375
-0.031463623046875
-0.0126953125
0.00738525390625
0.02301025390625
0.03118896484375
0.032806396484375
0.027862548828125
0.01513671875
-0.00244140625
-0.01947021484375
-0.029144287109375
-0.02734375
-0.0177001953125
-0.004119873046875
0.010009765625
0.015167236328125
0.0047607421875
-0.014739990234375
-0.028228759765625
-0.023040771484375
-0.000213623046875
0.0277099609375
0.04827880859375
0.051300048828125
0.030120849609375
-0.007537841796875
-0.039947509765625
-0.051116943359375
-0.04266357421875
-0.022369384765625
0.003814697265625
0.0252685546875
0.030059814453125
0.017669677734375
-0.001220703125
-0.016021728515625
-0.023162841796875
-0.021728515625
-0.011749267578125
0.002899169921875
0.017791748046875
0.029541015625
0.031707763671875
0.021697998046875
0.00445556640625
-0.013916015625
-0.02520751953125
-0.022064208984375
-0.008758544921875
0.0050048828125
0.012969970703125
0.011993408203125
0.004058837890625
-0.00665283203125
-0.019622802734375
-0.030364990234375
-0.026824951171875
-0.003662109375
0.028656005859375
0.0552978515625
0.06622314453125
0.054107666015625
0.018463134765625
-0.027557373046875
-0.06097412109375
-0.061981201171875
-0.030181884765625
0.013763427734375
0.046356201171875
0.05328369140625
0.03277587890625
-0.001220703125
-0.030548095703125
-0.0457763671875
-0.043853759765625
-0.026702880859375
-0.001739501953125
0.022064208984375
0.039520263671875
0.049835205078125
0.04766845703125
0.02520751953125
-0.0076904296875
-0.03045654296875
-0.03570556640625
-0.02667236328125
-0.0103759765625
0.003509521484375
0.010711669921875
0.006866455078125
-0.010528564453125
-0.027099609375
-0.027679443359375
-0.015289306640625
0.00244140625
0.019256591796875
0.02703857421875
0.024139404296875
0.015533447265625
0.003753662109375
-0.010406494140625
-0.0205078125
-0.0174560546875
-0.004425048828125
0.004913330078125
0.00543212890625
-6.103515625e-05
-0.011444091796875
-0.0269775390625
-0.040283203125
-0.0426025390625
-0.0257568359375
0.008514404296875
0.04791259765625
0.077362060546875
0.082977294921875
0.06036376953125
0.014984130859375
-0.044158935546875
-0.09619140625
-0.11279296875
-0.08380126953125
-0.024505615234375
0.038543701171875
0.0810546875
0.09149169921875
0.070953369140625
0.028076171875
-0.01885986328125
-0.048370361328125
-0.049774169921875
-0.029693603515625
-0.003265380859375
0.0223388671875
0.04180908203125
0.03887939453125
0.00897216796875
-0.02667236328125
-0.04949951171875
-0.05322265625
-0.034820556640625
-0.002288818359375
0.031768798828125
0.0587158203125
0.064300537109375
0.042816162109375
0.010406494140625
-0.01959228515625
-0.041168212890625
-0.043182373046875
-0.0244140625
-0.000579833984375
0.013397216796875
0.01129150390625
-0.00250244140625
-0.01519775390625
-0.019439697265625
-0.014312744140625
0.00091552734375
0.02105712890625
0.033905029296875
0.03131103515625
0.014739990234375
-0.008026123046875
-0.0289306640625
-0.041259765625
-0.03759765625
-0.017913818359375
0.005401611328125
0.02197265625
0.0296630859375
0.02459716796875
0.007171630859375
-0.011260986328125
-0.0211181640625
-0.019683837890625
-0.00823974609375
0.005828857421875
0.01806640625
0.02801513671875
0.025299072265625
0.00152587890625
-0.03033447265625
-0.051544189453125
-0.054840087890625
-0.040374755859375
-0.013153076171875
0.01776123046875
0.0418701171875
0.04937744140625
0.03961181640625
0.023284912109375
0.008148193359375
-0.006744384765625
-0.020782470703125
-0.02960205078125
-0.030914306640625
-0.024200439453125
-0.010986328125
0.00274658203125
0.011962890625
0.01385498046875
0.005279541015625
-0.008575439453125
-0.015106201171875
-0.010009765625
0.001312255859375
0.01123046875
0.014862060546875
0.0142822265625
0.01202392578125
0.00732421875
0.0020751953125
-0.00421142578125
-0.01373291015625
-0.019927978515625
-0.0186767578125
-0.0135498046875
-0.004119873046875
0.005889892578125
0.0089111328125
0.009368896484375
0.012786865234375
0.01702880859375
0.02191162109375
0.022552490234375
0.009918212890625
-0.0118408203125
-0.0306396484375
-0.038726806640625
-0.03131103515625
-0.00958251953125
0.015594482421875
0.031951904296875
0.034423828125
0.023590087890625
0.00439453125
-0.011749267578125
-0.015594482421875
-0.01080322265625
-0.003662109375
0.006072998046875
0.0157470703125
0.01904296875
0.014251708984375
0.003326416015625
-0.006683349609375
-0.00738525390625
-0.001617431640625
0.002197265625
0.001708984375
-0.00494384765625
-0.01690673828125
-0.024658203125
-0.022735595703125
-0.014923095703125
-0.001190185546875
0.019561767578125
0.038787841796875
0.047454833984375
0.04339599609375
0.0252685546875
-0.002899169921875
-0.028228759765625
-0.043548583984375
-0.05035400390625
-0.0445556640625
-0.02490234375
-0.00335693359375
0.013153076171875
0.0255126953125
0.026519775390625
0.013824462890625
0.0006103515625
-0.0057373046875
-0.0059814453125
0.001708984375
0.00982666015625
0.006622314453125
-0.005157470703125
-0.01898193359375
-0.03082275390625
-0.031219482421875
-0.019134521484375
-0.006072998046875
0.003814697265625
0.0128173828125
0.017791748046875
0.01580810546875
0.0091552734375
0.001190185546875
-0.00537109375
-0.007965087890625
-0.00677490234375
-0.0045166015625
-0.002197265625
-0.002105712890625
-0.010955810546875
-0.02545166015625
-0.030181884765625
-0.018890380859375
0.00347900390625
0.03094482421875
0.04962158203125
0.04534912109375
0.021759033203125
-0.00799560546875
-0.030853271484375
-0.0333251953125
-0.015777587890625
0.00482177734375
0.01611328125
0.014678955078125
0.000885009765625
-0.01611328125
-0.02398681640625
-0.01904296875
-0.0042724609375
0.013885498046875
0.027587890625
0.034271240234375
0.03271484375
0.018951416015625
-0.0029296875
-0.01995849609375
-0.024505615234375
-0.016845703125
-0.00311279296875
0.006683349609375
0.0079345703125
0.001556396484375
-0.01190185546875
-0.023651123046875
-0.01904296875
0.002685546875
0.02947998046875
0.048553466796875
0.047943115234375
0.024932861328125
-0.00860595703125
-0.039337158203125
-0.057281494140625
-0.054473876953125
-0.03363037109375
-0.00537109375
0.0198974609375
0.0321044921875
0.0299072265625
0.022674560546875
0.01470947265625
0.00482177734375
-0.0030517578125
-0.004180908203125
0.00091552734375
0.005828857421875
0.001617431640625
-0.010406494140625
-0.02008056640625
-0.023345947265625
-0.021820068359375
-0.017303466796875
-0.01220703125
-0.00604248046875
0.001251220703125
0.007049560546875
0.01513671875
0.027587890625
0.032989501953125
0.023040771484375
0.004364013671875
-0.01446533203125
-0.02630615234375
-0.025146484375
-0.0147705078125
-0.003814697265625
0.0042724609375
0.00689697265625
0.0018310546875
-0.005859375
-0.008453369140625
-0.005462646484375
-0.00054931640625
0.003570556640625
0.0052490234375
0.0064697265625
0.00927734375
0.0091552734375
0.0023193359375
-0.007598876953125
-0.016571044921875
-0.02093505859375
-0.016021728515625
-0.00469970703125
0.007080078125
0.0181884765625
0.023468017578125
0.015625
-0.0001220703125
-0.013397216796875
-0.020355224609375
-0.0201416015625
-0.0146484375
-0.007415771484375
0.001556396484375
0.009979248046875
0.01251220703125
0.00762939453125
-0.003570556640625
-0.0159912109375
-0.0191650390625
-0.01165771484375
-0.00250244140625
0.00531005859375
0.01141357421875
0.009613037109375
0.0010986328125
-0.003448486328125
-0.00189208984375
0.000701904296875
0.003570556640625
0.0045166015625
-0.000579833984375
-0.00811767578125
-0.01251220703125
-0.01275634765625
-0.006744384765625
0.001983642578125
0.00347900390625
0.000152587890625
0.0001220703125
-0.00146484375
-0.00775146484375
-0.009979248046875
-0.004241943359375
0.0052490234375
0.01336669921875
0.01568603515625
0.013397216796875
0.00982666015625
0.00250244140625
-0.006927490234375
-0.00958251953125
-0.005096435546875
-0.001617431640625
-0.0006103515625
0.001678466796875
0.0028076171875
-0.001983642578125
-0.0089111328125
-0.009796142578125
-0.00384521484375
0.003631591796875
0.00872802734375
0.010345458984375
0.01080322265625
0.012786865234375
0.01324462890625
0.01019287109375
0.006683349609375
0.002777099609375
-0.003662109375
-0.011749267578125
-0.01971435546875
-0.0223388671875
-0.014617919921875
-0.002716064453125
0.0054931640625
0.011383056640625
0.0157470703125
0.01751708984375
0.0179443359375
0.01416015625
0.00445556640625
-0.005340576171875
-0.013214111328125
-0.0220947265625
-0.028106689453125
-0.024658203125
-0.0118408203125
0.004119873046875
0.0159912109375
0.020904541015625
0.01873779296875
0.008544921875
-0.007354736328125
-0.02044677734375
-0.022003173828125
-0.011138916015625
0.0048828125
0.0186767578125
0.02545166015625
0.019927978515625
0.00213623046875
-0.01922607421875
-0.035858154296875
-0.0419921875
-0.033538818359375
-0.014739990234375
0.005706787109375
0.0225830078125
0.031036376953125
0.0289306640625
0.020416259765625
0.008514404296875
-0.002838134765625
-0.0052490234375
-0.000335693359375
0.00091552734375
-0.0037841796875
-0.01153564453125
-0.021697998046875
-0.0294189453125
-0.028106689453125
-0.015838623046875
0.0052490234375
0.02667236328125
0.038482666015625
0.03765869140625
0.02532958984375
0.006591796875
-0.010040283203125
-0.020050048828125
-0.0213623046875
-0.013214111328125
0.0
0.0118408203125
0.0157470703125
0.006561279296875
-0.009735107421875
-0.02056884765625
-0.020172119140625
-0.0081787109375
0.01080322265625
0.02789306640625
0.037353515625
0.036041259765625
0.021514892578125
-0.000885009765625
-0.020477294921875
-0.031158447265625
-0.032257080078125
-0.0263671875
-0.017822265625
-0.00811767578125
0.00408935546875
0.01617431640625
0.022491455078125
0.022613525390625
0.02081298828125
0.018310546875
0.013214111328125
0.00579833984375
-0.002349853515625
-0.011138916015625
-0.02099609375
-0.029205322265625
-0.030609130859375
-0.02410888671875
-0.013153076171875
-0.000762939453125
0.011138916015625
0.01995849609375
0.024444580078125
0.025238037109375
0.02227783203125
0.015228271484375
0.005615234375
-0.005126953125
-0.01715087890625
-0.027984619140625
-0.033294677734375
-0.030853271484375
-0.01934814453125
-0.001861572265625
0.01348876953125
0.022491455078125
0.025299072265625
0.0206298828125
0.008880615234375
-0.004241943359375
-0.010833740234375
-0.007965087890625
-0.0013427734375
0.00152587890625
-3.0517578125e-05
-0.00244140625
-0.00537109375
-0.0115966796875
-0.01904296875
-0.020172119140625
-0.01171875
0.00115966796875
0.009521484375
0.010009765625
0.010467529296875
0.016021728515625
0.01812744140625
0.01165771484375
0.0028076171875
-0.00335693359375
-0.006805419921875
-0.01043701171875
-0.015380859375
-0.01788330078125
-0.016387939453125
-0.01385498046875
-0.010345458984375
-0.004425048828125
0.002960205078125
0.010498046875
0.016815185546875
0.019866943359375
0.016937255859375
0.008392333984375
-0.000946044921875
-0.008026123046875
-0.010162353515625
-0.005126953125
0.00091552734375
0.0001220703125
-0.00531005859375
-0.009796142578125
-0.01025390625
-0.00616455078125
0.0006103515625
0.0084228515625
0.014892578125
0.015899658203125
0.00860595703125
-0.006927490234375
-0.022430419921875
-0.024139404296875
-0.008514404296875
0.016143798828125
0.037445068359375
0.043792724609375
0.032012939453125
0.007293701171875
-0.022491455078125
-0.04571533203125
-0.05078125
-0.0347900390625
-0.005584716796875
0.023345947265625
0.042266845703125
0.047454833984375
0.036834716796875
0.0125732421875
-0.01763916015625
-0.041046142578125
-0.0435791015625
-0.024505615234375
0.002197265625
0.0247802734375
0.037841796875
0.03765869140625
0.02191162109375
-0.006866455078125
-0.035003662109375
-0.046234130859375
-0.036590576171875
-0.01263427734375
0.014129638671875
0.033172607421875
0.03948974609375
0.028656005859375
0.004180908203125
-0.018157958984375
-0.02923583984375
-0.02874755859375
-0.01690673828125
-0.001220703125
0.009033203125
0.01141357421875
0.005462646484375
-0.003631591796875
-0.0079345703125
-0.006011962890625
0.0025634765625
0.014434814453125
0.018768310546875
0.011260986328125
-0.004364013671875
-0.02362060546875
-0.037933349609375
-0.038787841796875
-0.02508544921875
-0.001068115234375
0.024993896484375
0.041290283203125
0.03887939453125
0.020172119140625
-0.00360107421875
-0.02392578125
-0.034393310546875
-0.029144287109375
-0.012115478515625
0.005706787109375
0.017608642578125
0.02056884765625
0.013275146484375
-0.00079345703125
-0.0140380859375
-0.01953125
-0.0150146484375
-0.002410888671875
0.012847900390625
0.022979736328125
0.025665283203125
0.023956298828125
0.017242431640625
0.00408935546875
-0.013153076171875
-0.030914306640625
-0.043670654296875
-0.04638671875
-0.036712646484375
-0.012542724609375
0.0228271484375
0.05621337890625
0.072784423828125
0.063232421875
0.030364990234375
-0.0081787109375
-0.03460693359375
-0.044219970703125
-0.038726806640625
-0.020782470703125
0.000274658203125
0.013671875
0.01666259765625
0.010040283203125
-0.0035400390625
-0.016082763671875
-0.021636962890625
-0.017608642578125
-0.000244140625
0.025299072265625
0.0443115234375
0.046844482421875
0.030487060546875
0.000213623046875
-0.030242919921875
-0.048004150390625
-0.0457763671875
-0.02374267578125
0.0052490234375
0.024383544921875
0.0272216796875
0.016876220703125
0.001220703125
-0.01055908203125
-0.0137939453125
-0.00811767578125
0.006011962890625
0.02227783203125
0.027801513671875
0.017547607421875
-0.000244140625
-0.017547607421875
-0.029022216796875
-0.029571533203125
-0.020111083984375
-0.004180908203125
0.0162353515625
0.03265380859375
0.035614013671875
0.024749755859375
0.006134033203125
-0.0098876953125
-0.017181396484375
-0.019134521484375
-0.0169677734375
-0.009552001953125
-9.1552734375e-05
0.010833740234375
0.019927978515625
0.018463134765625
0.008392333984375
-0.001739501953125
-0.00994873046875
-0.0140380859375
-0.010498046875
-0.000213623046875
0.012481689453125
0.018341064453125
0.01068115234375
-0.00421142578125
-0.016937255859375
-0.0238037109375
-0.02398681640625
-0.019195556640625
-0.010467529296875
0.0035400390625
0.019500732421875
0.030303955078125
0.031829833984375
0.0230712890625
0.00506591796875
-0.016632080078125
-0.0328369140625
-0.037567138671875
-0.032257080078125
-0.0206298828125
-0.006744384765625
0.002532958984375
0.0052490234375
0.00567626953125
0.004669189453125
0.00274658203125
0.00323486328125
0.006134033203125
0.01025390625
0.014434814453125
0.015777587890625
0.01336669921875
0.004730224609375
-0.0128173828125
-0.031707763671875
-0.0421142578125
-0.040863037109375
-0.02685546875
-0.004058837890625
0.01837158203125
0.033935546875
0.03717041015625
0.027587890625
0.012054443359375
-0.006134033203125
-0.022369384765625
-0.02484130859375
-0.01220703125
0.004608154296875
0.01751708984375
0.02203369140625
0.0152587890625
-0.0006103515625
-0.01837158203125
-0.027435302734375
-0.020294189453125
-0.00128173828125
0.01751708984375
0.027130126953125
0.024993896484375
0.014068603515625
0.00091552734375
-0.009979248046875
-0.01605224609375
-0.0126953125
-0.000701904296875
0.011260986328125
0.01904296875
0.022552490234375
0.018035888671875
0.00433349609375
-0.01470947265625
-0.032379150390625
-0.03643798828125
-0.020477294921875
0.006866455078125
0.031463623046875
0.043365478515625
0.03900146484375
0.0211181640625
-0.00384521484375
-0.025909423828125
-0.034088134765625
-0.0260009765625
-0.009857177734375
0.005126953125
0.014984130859375
0.01739501953125
0.011383056640625
0.001129150390625
-0.00958251953125
-0.019134521484375
-0.02130126953125
-0.01287841796875
0.000152587890625
0.013519287109375
0.02398681640625
0.025299072265625
0.01715087890625
0.0032958984375
-0.0133056640625
-0.025909423828125
-0.029266357421875
-0.024749755859375
-0.015228271484375
-0.002044677734375
0.012237548828125
0.0205078125
0.01593017578125
0.002899169921875
-0.00823974609375
-0.01318359375
-0.0101318359375
0.001220703125
0.014404296875
0.0194091796875
0.01104736328125
-0.006622314453125
-0.02392578125
-0.03240966796875
-0.028778076171875
-0.014556884765625
0.005645751953125
0.02484130859375
0.033447265625
0.027130126953125
0.01080322265625
-0.009796142578125
-0.028472900390625
-0.0357666015625
-0.025970458984375
-0.003204345703125
0.021087646484375
0.035491943359375
0.033477783203125
0.014129638671875
-0.01385498046875
-0.034393310546875
-0.0382080078125
-0.02581787109375
