0.030120849609375
-0.0028076171875
-0.028228759765625
-0.004058837890625
0.02642822265625
0.01275634765625
-0.019683837890625
-0.017852783203125
0.008026123046875
0.01910400390625
0.006591796875
-0.01617431640625
-0.0164794921875
0.01336669921875
0.0225830078125
-0.006591796875
-0.02496337890625
-0.006805419921875
0.0206298828125
0.0166015625
-0.018402099609375
-0.024169921875
0.017578125
0.03326416015625
-0.00830078125
-0.03399658203125
0.0025634765625
0.040008544921875
0.01153564453125
-0.039154052734375
-0.026214599609375
0.0308837890625
0.040435791015625
-0.0106201171875
-0.04412841796875
-0.010009765625
0.0416259765625
0.02691650390625
-0.03515625
-0.038970947265625
0.023223876953125
0.0440673828125
-0.005950927734375
-0.039093017578125
-0.006072998046875
0.036712646484375
0.0206298828125
-0.028228759765625
-0.026947021484375
0.023193359375
0.036468505859375
-0.01031494140625
-0.04150390625
-0.00531005859375
0.042755126953125
0.024993896484375
-0.031494140625
-0.037261962890625
0.016510009765625
0.04425048828125
-0.001190185546875
-0.044921875
-0.009429931640625
0.043975830078125
0.023834228515625
-0.0325927734375
-0.032623291015625
0.023468017578125
0.04461669921875
-0.007659912109375
-0.045440673828125
-0.005096435546875
0.04107666015625
0.019439697265625
-0.031524658203125
-0.030242919921875
0.025970458984375
0.044189453125
-0.0103759765625
-0.0433349609375
-0.002899169921875
0.0391845703125
0.02056884765625
-0.02752685546875
-0.032073974609375
0.016204833984375
0.041412353515625
0.00390625
-0.035491943359375
-0.013397216796875
0.0355224609375
0.02496337890625
-0.030853271484375
-0.028106689453125
0.0291748046875
0.03564453125
-0.01678466796875
-0.04046630859375
-0.001373291015625
0.04364013671875
0.0252685546875
-0.03582763671875
-0.042755126953125
0.019805908203125
0.0482177734375
-0.003143310546875
-0.044708251953125
-0.010223388671875
0.039794921875
0.02618408203125
-0.027679443359375
-0.03253173828125
0.022613525390625
0.042205810546875
-0.01019287109375
-0.045318603515625
-0.005340576171875
0.046722412109375
0.0279541015625
-0.037933349609375
-0.043304443359375
0.023529052734375
0.046783447265625
-0.008270263671875
-0.046112060546875
-0.014373779296875
0.034515380859375
0.030487060546875
-0.020172119140625
-0.036407470703125
0.0111083984375
0.045318603515625
0.009124755859375
-0.03912353515625
-0.017303466796875
0.04119873046875
0.03643798828125
-0.025726318359375
-0.044036865234375
0.009796142578125
0.05029296875
0.010528564453125
-0.047698974609375
-0.027435302734375
0.035003662109375
0.03436279296875
-0.022735595703125
-0.041412353515625
0.007720947265625
0.0447998046875
0.005218505859375
-0.0450439453125
-0.019073486328125
0.037353515625
0.031219482421875
-0.026153564453125
-0.045013427734375
0.00830078125
0.05303955078125
0.013916015625
-0.047332763671875
-0.030242919921875
0.035003662109375
0.040008544921875
-0.021148681640625
-0.04388427734375
0.00909423828125
0.0450439453125
0.003875732421875
-0.040557861328125
-0.011505126953125
0.04034423828125
0.02484130859375
-0.033233642578125
-0.03729248046875
0.01824951171875
0.043914794921875
0.000762939453125
-0.041717529296875
-0.014984130859375
0.036895751953125
0.028778076171875
-0.020416259765625
-0.0263671875
0.015716552734375
0.0333251953125
-0.001708984375
-0.0313720703125
-0.0050048828125
0.03466796875
0.02032470703125
-0.026702880859375
-0.032440185546875
0.0126953125
0.040374755859375
0.00665283203125
-0.037261962890625
-0.0211181640625
0.029998779296875
0.034454345703125
-0.0123291015625
-0.0306396484375
0.008270263671875
0.034149169921875
0.00408935546875
-0.027435302734375
-0.010284423828125
0.02667236328125
0.0260009765625
-0.015960693359375
-0.0352783203125
0.00091552734375
0.03369140625
0.0133056640625
-0.0272216796875
-0.030609130859375
0.01239013671875
0.0394287109375
0.00140380859375
-0.039825439453125
-0.01190185546875
0.03594970703125
0.02166748046875
-0.028656005859375
-0.027435302734375
0.02532958984375
0.034881591796875
-0.0169677734375
-0.039764404296875
0.0015869140625
0.043304443359375
0.019927978515625
-0.041961669921875
-0.0369873046875
0.0360107421875
0.046966552734375
-0.021820068359375
-0.051605224609375
-0.001922607421875
0.0491943359375
0.02490234375
-0.03778076171875
-0.03057861328125
0.03143310546875
0.03594970703125
-0.01593017578125
-0.036163330078125
-0.00018310546875
0.035369873046875
0.011016845703125
-0.034393310546875
-0.015411376953125
0.036163330078125
0.0272216796875
-0.027587890625
-0.04034423828125
0.012237548828125
0.050537109375
0.00543212890625
-0.05096435546875
-0.01556396484375
0.05194091796875
0.033966064453125
-0.038238525390625
-0.0499267578125
0.0137939453125
0.052520751953125
0.003448486328125
-0.049285888671875
-0.013916015625
0.042877197265625
0.024658203125
-0.032379150390625
-0.03900146484375
0.017578125
0.049072265625
-0.005950927734375
-0.051025390625
-0.002349853515625
0.046966552734375
0.01507568359375
-0.0421142578125
-0.038330078125
0.031982421875
0.054351806640625
-0.0238037109375
-0.0594482421875
0.01129150390625
0.05596923828125
0.011077880859375
-0.048675537109375
-0.037139892578125
0.0389404296875
0.053955078125
-0.025543212890625
-0.058868408203125
0.003204345703125
0.05255126953125
0.01873779296875
-0.045623779296875
-0.03607177734375
0.034881591796875
0.044525146484375
-0.014892578125
-0.04302978515625
-0.0078125
0.03802490234375
0.0230712890625
-0.03594970703125
-0.03265380859375
0.029052734375
0.03607177734375
-0.0186767578125
-0.04193115234375
0.001983642578125
0.04327392578125
0.0079345703125
-0.04833984375
-0.02386474609375
0.041473388671875
0.03851318359375
-0.0252685546875
-0.048095703125
0.00872802734375
0.057708740234375
0.015289306640625
-0.052734375
-0.032318115234375
0.0421142578125
0.04583740234375
-0.0230712890625
-0.047149658203125
0.0103759765625
0.051727294921875
0.00872802734375
-0.047393798828125
-0.021759033203125
0.04315185546875
0.035369873046875
-0.03411865234375
-0.048187255859375
0.020477294921875
0.06011962890625
6.103515625e-05
-0.064483642578125
-0.02294921875
0.05499267578125
0.035736083984375
-0.042388916015625
-0.045684814453125
0.0233154296875
0.04998779296875
-0.002349853515625
-0.0494384765625
-0.0172119140625
0.04290771484375
0.030426025390625
-0.03436279296875
-0.040985107421875
0.021820068359375
0.048797607421875
-0.00531005859375
-0.051177978515625
-0.0140380859375
0.04168701171875
0.026824951171875
-0.029693603515625
-0.04010009765625
0.010711669921875
0.044647216796875
0.00360107421875
-0.046051025390625
-0.017486572265625
0.041259765625
0.031585693359375
-0.0311279296875
-0.04571533203125
0.015655517578125
0.05322265625
-0.000885009765625
-0.05517578125
-0.01446533203125
0.05108642578125
0.027862548828125
-0.047515869140625
-0.04583740234375
0.03271484375
0.04888916015625
-0.027008056640625
-0.057586669921875
0.0098876953125
0.057373046875
0.0101318359375
-0.051361083984375
-0.03076171875
0.04058837890625
0.049041748046875
-0.023468017578125
-0.057830810546875
0.001708984375
0.051605224609375
0.016998291015625
-0.03729248046875
-0.031463623046875
0.020660400390625
0.039154052734375
-0.008056640625
-0.045806884765625
-0.011077880859375
0.041168212890625
0.026885986328125
-0.03607177734375
-0.042327880859375
0.029937744140625
0.05450439453125
-0.019287109375
-0.061737060546875
-0.000244140625
0.0615234375
0.023590087890625
-0.05596923828125
-0.04443359375
0.04388427734375
0.055938720703125
-0.028289794921875
-0.0640869140625
0.002227783203125
0.0595703125
0.0167236328125
-0.053680419921875
-0.030914306640625
0.043487548828125
0.0418701171875
-0.024993896484375
-0.04595947265625
0.009124755859375
0.05181884765625
0.004852294921875
-0.057586669921875
-0.020904541015625
0.051177978515625
0.031768798828125
-0.038116455078125
-0.04547119140625
0.011199951171875
0.045379638671875
0.004302978515625
-0.05029296875
-0.026702880859375
0.036773681640625
0.03570556640625
-0.0240478515625
-0.047210693359375
0.0062255859375
0.05401611328125
0.01080322265625
-0.0501708984375
-0.021575927734375
0.03851318359375
0.0302734375
-0.025238037109375
-0.04522705078125
0.00738525390625
0.057952880859375
0.01446533203125
-0.056121826171875
-0.034393310546875
0.03936767578125
0.043792724609375
-0.028045654296875
-0.056732177734375
0.010467529296875
0.054718017578125
-0.000244140625
-0.052459716796875
-0.020263671875
0.039947509765625
0.0384521484375
-0.02764892578125
-0.05328369140625
0.010894775390625
0.055450439453125
0.007354736328125
-0.047821044921875
-0.023681640625
0.038330078125
0.038238525390625
-0.024688720703125
-0.0428466796875
0.01129150390625
0.041168212890625
0.0020751953125
-0.0394287109375
-0.02056884765625
0.031707763671875
0.035064697265625
-0.0220947265625
-0.045379638671875
0.007720947265625
0.047454833984375
0.00970458984375
-0.04302978515625
-0.031524658203125
0.02935791015625
0.04742431640625
-0.01531982421875
-0.057281494140625
-0.0020751953125
0.053924560546875
0.014923095703125
-0.051483154296875
-0.034881591796875
0.0418701171875
0.0474853515625
-0.03399658203125
-0.0572509765625
0.0174560546875
0.058929443359375
0.005035400390625
-0.056121826171875
-0.026702880859375
0.052398681640625
0.047027587890625
-0.034912109375
-0.0533447265625
0.01165771484375
0.054962158203125
0.01788330078125
-0.04510498046875
-0.034149169921875
0.032440185546875
0.040496826171875
-0.0146484375
-0.04248046875
-0.005828857421875
0.044189453125
0.023193359375
-0.0433349609375
-0.034149169921875
0.036773681640625
0.04437255859375
-0.019927978515625
-0.05389404296875
-0.00164794921875
0.060028076171875
0.02227783203125
-0.05615234375
-0.03765869140625
0.041259765625
0.047393798828125
-0.0224609375
-0.056793212890625
-0.001251220703125
0.0556640625
0.01800537109375
-0.047515869140625
-0.0267333984375
0.040374755859375
0.038726806640625
-0.027679443359375
-0.047515869140625
0.01666259765625
0.058258056640625
0.003387451171875
-0.054901123046875
-0.018890380859375
0.049285888671875
0.039886474609375
-0.033233642578125
-0.0555419921875
0.011627197265625
0.058197021484375
0.007293701171875
-0.050689697265625
-0.023223876953125
0.03570556640625
0.030670166015625
-0.027313232421875
-0.0401611328125
0.01708984375
0.04632568359375
-0.00164794921875
-0.045013427734375
-0.015106201171875
0.042266845703125
0.033721923828125
-0.036468505859375
-0.048980712890625
0.0247802734375
0.057037353515625
-0.004730224609375
-0.056884765625
-0.022613525390625
0.043548583984375
0.039337158203125
-0.03082275390625
-0.04827880859375
0.01727294921875
0.05145263671875
-0.0003662109375
-0.049774169921875
-0.017059326171875
0.046234130859375
0.0335693359375
-0.0389404296875
-0.047149658203125
0.025115966796875
0.056427001953125
-0.00543212890625
-0.0621337890625
-0.020904541015625
0.052947998046875
0.0341796875
-0.0430908203125
-0.043670654296875
0.026702880859375
0.0455322265625
-0.015777587890625
-0.055877685546875
-0.003936767578125
0.057769775390625
0.021148681640625
-0.053802490234375
-0.041412353515625
0.035919189453125
0.0546875
-0.01593017578125
-0.0638427734375
-0.008209228515625
0.0582275390625
0.02899169921875
-0.040802001953125
-0.04547119140625
0.017974853515625
0.054473876953125
0.000946044921875
-0.055450439453125
-0.013275146484375
0.051544189453125
0.026275634765625
-0.04083251953125
-0.038543701171875
0.026947021484375
0.04705810546875
-0.013824462890625
-0.0538330078125
-0.005126953125
0.05145263671875
0.023162841796875
-0.04486083984375
-0.041961669921875
0.02777099609375
0.05194091796875
-0.003082275390625
-0.045867919921875
-0.01251220703125
0.041748046875
0.03265380859375
-0.0242919921875
-0.03802490234375
0.0146484375
0.04833984375
0.00244140625
-0.048583984375
-0.013519287109375
0.0467529296875
0.025390625
-0.03955078125
-0.039886474609375
0.02398681640625
0.049774169921875
-0.00628662109375
-0.053558349609375
-0.01275634765625
0.05078125
0.034759521484375
-0.03680419921875
-0.04498291015625
0.0283203125
0.05401611328125
-0.0111083984375
-0.0467529296875
0.0018310546875
0.048187255859375
0.01995849609375
-0.04290771484375
-0.0386962890625
0.03271484375
0.050048828125
-0.01513671875
-0.052703857421875
-0.006378173828125
0.050018310546875
0.02801513671875
-0.0372314453125
-0.035186767578125
0.0263671875
0.040557861328125
-0.0081787109375
-0.038116455078125
-0.00628662109375
0.035430908203125
0.019561767578125
-0.025970458984375
-0.02386474609375
0.019683837890625
0.032073974609375
-0.007293701171875
-0.0374755859375
-0.0079345703125
0.037841796875
0.0255126953125
-0.026611328125
-0.03216552734375
0.018951416015625
0.038482666015625
-0.00872802734375
-0.042877197265625
-0.00787353515625
0.03875732421875
0.023681640625
-0.0283203125
-0.034698486328125
0.013916015625
0.039825439453125
0.0020751953125
-0.039520263671875
-0.0142822265625
0.03961181640625
0.029632568359375
-0.0262451171875
-0.03497314453125
0.0093994140625
0.037261962890625
0.008087158203125
-0.039276123046875
-0.02569580078125
0.033111572265625
0.03533935546875
-0.0218505859375
-0.042510986328125
0.0035400390625
0.045257568359375
0.017181396484375
-0.03570556640625
-0.02545166015625
0.024566650390625
0.03192138671875
-0.006866455078125
-0.033966064453125
-0.00714111328125
0.038726806640625
0.022216796875
-0.034912109375
-0.02923583984375
0.029571533203125
0.038238525390625
-0.0181884765625
-0.0489501953125
-0.00201416015625
0.05023193359375
0.022491455078125
-0.039398193359375
-0.035858154296875
0.024871826171875
0.046234130859375
-0.0076904296875
-0.04913330078125
-0.00469970703125
0.046600341796875
0.012969970703125
-0.040740966796875
-0.0235595703125
0.027984619140625
0.031463623046875
-0.016021728515625
-0.03765869140625
0.004913330078125
0.041473388671875
0.012725830078125
-0.03466796875
-0.03216552734375
0.020233154296875
0.047393798828125
-0.00054931640625
-0.042938232421875
-0.004302978515625
0.040313720703125
0.0152587890625
-0.03167724609375
-0.028167724609375
0.020263671875
0.035430908203125
-0.012054443359375
-0.039215087890625
0.000823974609375
0.03900146484375
0.01611328125
-0.03314208984375
-0.0296630859375
0.027099609375
0.040252685546875
-0.0128173828125
-0.0384521484375
0.0013427734375
0.03900146484375
0.014556884765625
-0.035125732421875
-0.02532958984375
0.028717041015625
0.032745361328125
-0.017547607421875
-0.04132080078125
-0.002685546875
0.04119873046875
0.016448974609375
-0.038604736328125
-0.0272216796875
0.028778076171875
0.03704833984375
-0.00927734375
-0.0406494140625
-0.009490966796875
0.038909912109375
0.024749755859375
-0.02685546875
-0.028656005859375
0.018218994140625
0.037200927734375
-0.00518798828125
-0.043060302734375
-0.006256103515625
0.04541015625
0.018402099609375
-0.039947509765625
-0.030792236328125
0.0274658203125
0.03924560546875
-0.016021728515625
-0.04608154296875
0.00250244140625
0.0467529296875
0.014801025390625
-0.03741455078125
-0.028411865234375
0.026702880859375
0.037353515625
-0.01715087890625
-0.041229248046875
0.003509521484375
0.035614013671875
0.01123046875
-0.02642822265625
-0.026519775390625
0.014312744140625
0.036895751953125
0.002166748046875
-0.038330078125
-0.023345947265625
0.030487060546875
0.041778564453125
-0.019500732421875
-0.051971435546875
0.006988525390625
0.052581787109375
0.0107421875
-0.042205810546875
-0.026458740234375
0.03192138671875
0.040924072265625
-0.01910400390625
-0.046722412109375
0.00689697265625
0.0498046875
0.009429931640625
-0.048980712890625
-0.02435302734375
0.046630859375
0.039825439453125
-0.03265380859375
-0.049285888671875
0.008270263671875
0.0472412109375
0.011077880859375
-0.043548583984375
-0.028778076171875
0.031707763671875
0.042449951171875
-0.0103759765625
-0.045654296875
-0.00457763671875
0.05133056640625
0.025726318359375
-0.039459228515625
-0.034820556640625
0.02789306640625
0.048004150390625
-0.00689697265625
-0.05035400390625
-0.0079345703125
0.049468994140625
0.024261474609375
-0.040130615234375
-0.038421630859375
0.02825927734375
0.04901123046875
-0.01544189453125
-0.052215576171875
0.0029296875
0.053985595703125
0.020782470703125
-0.038787841796875
-0.026153564453125
0.038055419921875
0.0406494140625
-0.017730712890625
-0.034423828125
0.003570556640625
0.03369140625
0.017578125
-0.026763916015625
-0.02813720703125
0.021270751953125
0.036102294921875
-0.00445556640625
-0.033538818359375
-0.010772705078125
0.0325927734375
0.028289794921875
-0.022247314453125
-0.03424072265625
0.013641357421875
0.044342041015625
0.00830078125
-0.0401611328125
-0.019927978515625
0.03619384765625
0.029022216796875
-0.02728271484375
-0.035125732421875
0.01702880859375
0.04266357421875
-0.00299072265625
-0.04486083984375
-0.012176513671875
0.03717041015625
0.025421142578125
-0.0223388671875
-0.03448486328125
0.00872802734375
0.044830322265625
0.012664794921875
-0.0379638671875
-0.022125244140625
0.03094482421875
0.032318115234375
-0.01470947265625
-0.0322265625
0.0008544921875
0.02862548828125
0.010650634765625
-0.02227783203125
-0.01336669921875
0.02471923828125
0.020599365234375
-0.0235595703125
-0.029541015625
0.01446533203125
0.03668212890625
0.000213623046875
-0.0394287109375
-0.01617431640625
0.0343017578125
0.028594970703125
-0.020782470703125
-0.033721923828125
0.005584716796875
0.035125732421875
0.00909423828125
-0.031829833984375
-0.018798828125
0.02789306640625
0.0286865234375
-0.0167236328125
-0.030029296875
0.009246826171875
0.031951904296875
0.0
-0.034454345703125
-0.01788330078125
0.025177001953125
0.028594970703125
-0.017578125
-0.039398193359375
0.00640869140625
0.0457763671875
0.008331298828125
-0.042877197265625
-0.01959228515625
0.037841796875
0.0335693359375
-0.02398681640625
-0.04046630859375
0.01141357421875
0.045928955078125
0.003082275390625
-0.04632568359375
-0.0185546875
0.039520263671875
0.031494140625
-0.028564453125
-0.04144287109375
0.012603759765625
0.040313720703125
-0.0018310546875
-0.035858154296875
-0.007171630859375
0.03118896484375
0.0184326171875
-0.023406982421875
-0.02789306640625
0.014495849609375
0.0362548828125
-0.000457763671875
-0.037933349609375
-0.014007568359375
0.03289794921875
0.02398681640625
-0.025054931640625
-0.031524658203125
0.013092041015625
0.03570556640625
6.103515625e-05
-0.03759765625
-0.012054443359375
0.03778076171875
0.023895263671875
-0.03424072265625
-0.037200927734375
0.021697998046875
0.042877197265625
-0.008819580078125
-0.043182373046875
-0.005126953125
0.037109375
0.01953125
-0.027557373046875
-0.034576416015625
0.014495849609375
0.043304443359375
-0.001129150390625
-0.0423583984375
-0.0108642578125
0.035552978515625
0.02484130859375
-0.022552490234375
-0.0343017578125
0.010162353515625
0.039276123046875
0.001373291015625
-0.0423583984375
-0.017822265625
0.038238525390625
0.030975341796875
-0.033935546875
-0.045318603515625
0.017852783203125
0.044891357421875
-0.004547119140625
-0.042572021484375
-0.011260986328125
0.036041259765625
0.022674560546875
-0.029205322265625
-0.031219482421875
0.017486572265625
0.0338134765625
-0.005462646484375
-0.037567138671875
-0.009857177734375
0.037567138671875
0.020782470703125
-0.035552978515625
-0.031158447265625
0.022247314453125
0.033172607421875
-0.009002685546875
-0.03955078125
-0.012847900390625
0.033966064453125
0.0213623046875
-0.032806396484375
-0.033538818359375
0.0179443359375
0.032684326171875
-0.0113525390625
-0.041015625
-0.00592041015625
0.0374755859375
0.01708984375
-0.0311279296875
-0.02679443359375
0.0228271484375
0.03662109375
-0.010406494140625
-0.039215087890625
-0.00177001953125
0.033721923828125
0.011444091796875
-0.02545166015625
-0.0208740234375
0.014739990234375
0.0240478515625
-0.00933837890625
-0.028472900390625
-0.001708984375
0.021728515625
0.00042724609375
-0.02874755859375
-0.01300048828125
0.02288818359375
0.01812744140625
-0.0189208984375
-0.031219482421875
0.00115966796875
0.033111572265625
0.0078125
-0.041717529296875
-0.02923583984375
0.03033447265625
0.04034423828125
-0.019744873046875
-0.05517578125
0.000640869140625
0.05560302734375
0.012481689453125
-0.04669189453125
-0.02520751953125
0.028411865234375
0.031982421875
-0.018951416015625
-0.041534423828125
0.011932373046875
0.043731689453125
-0.00726318359375
-0.044281005859375
-0.007659912109375
0.03839111328125
0.020660400390625
-0.0394287109375
-0.038604736328125
0.027313232421875
0.0423583984375
-0.01055908203125
-0.045440673828125
-0.017425537109375
0.039764404296875
0.03466796875
-0.0343017578125
-0.042144775390625
0.02227783203125
0.043426513671875
-0.003387451171875
-0.0447998046875
-0.01812744140625
0.04046630859375
0.0267333984375
-0.035675048828125
-0.03082275390625
0.025177001953125
0.036529541015625
-0.011138916015625
-0.046051025390625
-0.005126953125
0.047607421875
0.015380859375
-0.04083251953125
-0.023040771484375
0.02935791015625
0.031951904296875
-0.0181884765625
-0.039581298828125
0.009002685546875
0.039398193359375
-0.000396728515625
-0.030059814453125
-0.01043701171875
0.0140380859375
0.015106201171875
-0.010528564453125
-0.0250244140625
0.007232666015625
0.02972412109375
-0.002105712890625
-0.03021240234375
-0.00970458984375
0.024444580078125
0.017578125
-0.023101806640625
-0.0252685546875
0.01617431640625
0.02435302734375
-0.0064697265625
-0.022979736328125
-0.012054443359375
0.0133056640625
0.01971435546875
-0.010040283203125
-0.024566650390625
0.003326416015625
0.0234375
0.00323486328125
-0.022064208984375
-0.005523681640625
0.02435302734375
0.00433349609375
-0.026336669921875
-0.003662109375
0.024078369140625
0.00970458984375
-0.01666259765625
-0.024810791015625
-0.00140380859375
0.02777099609375
0.010498046875
-0.02862548828125
-0.0244140625
0.013702392578125
0.0267333984375
-0.00445556640625
-0.026824951171875
-0.001678466796875
0.018585205078125
-0.000213623046875
-0.013397216796875
-0.00372314453125
0.007110595703125
0.006988525390625
-0.01031494140625
-0.01812744140625
0.008209228515625
0.0244140625
-0.003631591796875
-0.0321044921875
-0.014190673828125
0.024078369140625
0.017822265625
-0.0235595703125
-0.023040771484375
0.01495361328125
0.01861572265625
-0.0115966796875
-0.02215576171875
0.0020751953125
0.02362060546875
0.00445556640625
-0.024749755859375
-0.01434326171875
0.0140380859375
0.018280029296875
-0.0045166015625
-0.024566650390625
-0.005126953125
0.023284912109375
0.002227783203125
-0.02618408203125
-0.005035400390625
0.022247314453125
0.00927734375
-0.02117919921875
-0.019866943359375
0.018951416015625
0.02935791015625
-0.011016845703125
-0.029541015625
0.00067138671875
0.0283203125
0.016845703125
-0.021209716796875
-0.028167724609375
0.013458251953125
0.032012939453125
-0.00213623046875
-0.02850341796875
-0.009765625
0.02203369140625
0.015869140625
-0.01715087890625
-0.0177001953125
0.00897216796875
0.0167236328125
-0.00042724609375
-0.02471923828125
-0.015167236328125
0.029266357421875
0.0235595703125
-0.029754638671875
-0.02557373046875
0.02227783203125
0.02301025390625
-0.013946533203125
-0.025634765625
0.0013427734375
0.0224609375
0.003936767578125
-0.019073486328125
-0.0091552734375
0.014007568359375
0.01629638671875
-0.010711669921875
-0.0272216796875
0.005035400390625
0.033416748046875
0.002197265625
-0.03271484375
-0.011474609375
0.025787353515625
0.018157958984375
-0.021453857421875
-0.027740478515625
0.01171875
0.028839111328125
-0.007415771484375
-0.03680419921875
-0.01080322265625
0.03094482421875
0.017852783203125
-0.034912109375
-0.033843994140625
0.024688720703125
0.036163330078125
-0.01495361328125
-0.03662109375
-0.000396728515625
0.03118896484375
0.008758544921875
-0.031768798828125
-0.01788330078125
0.026123046875
0.01934814453125
-0.019622802734375
-0.02569580078125
0.0008544921875
0.023406982421875
0.0111083984375
-0.02178955078125
-0.02294921875
0.00634765625
0.0213623046875
0.00653076171875
-0.020538330078125
-0.018890380859375
0.015045166015625
0.0234375
-0.004974365234375
-0.020965576171875
-0.002471923828125
0.023681640625
0.0072021484375
-0.0335693359375
-0.016571044921875
0.03076171875
0.019287109375
-0.023040771484375
-0.028533935546875
0.005218505859375
0.03387451171875
0.006195068359375
-0.040618896484375
-0.020599365234375
0.032440185546875
0.02642822265625
-0.02313232421875
-0.029388427734375
0.0185546875
0.031494140625
-0.0133056640625
-0.02685546875
0.005828857421875
0.019622802734375
0.00592041015625
-0.015228271484375
-0.0203857421875
0.010467529296875
0.028564453125
-0.0037841796875
-0.03155517578125
-0.012481689453125
0.022064208984375
0.022003173828125
-0.013824462890625
-0.02374267578125
0.010955810546875
0.025604248046875
-0.002716064453125
-0.022430419921875
-0.0029296875
0.025909423828125
0.01513671875
-0.0247802734375
-0.024658203125
0.0224609375
0.03662109375
-0.010528564453125
-0.039520263671875
0.001373291015625
0.03900146484375
0.007110595703125
-0.031280517578125
-0.009765625
0.02606201171875
0.0205078125
-0.007843017578125
-0.017425537109375
0.003814697265625
0.025634765625
0.010528564453125
-0.020904541015625
-0.017059326171875
0.017425537109375
0.03021240234375
-0.00201416015625
-0.034637451171875
-0.008636474609375
0.038238525390625
0.017608642578125
-0.03472900390625
-0.020172119140625
0.02862548828125
0.022674560546875
-0.019683837890625
-0.025543212890625
0.01324462890625
0.0335693359375
-0.003570556640625
-0.037933349609375
-0.003387451171875
0.0438232421875
0.014862060546875
-0.0438232421875
-0.0247802734375
0.040130615234375
0.035980224609375
-0.0242919921875
-0.03814697265625
