0.048919677734375
0.000732421875
-0.046295166015625
-0.0048828125
0.008392333984375
0.015899658203125
0.045379638671875
0.003387451171875
-0.0577392578125
-0.025238037109375
0.032684326171875
0.00262451171875
-0.026153564453125
0.018829345703125
0.036865234375
0.017913818359375
6.103515625e-05
-0.027587890625
-0.03924560546875
0.003936767578125
0.045135498046875
-0.0013427734375
-0.04638671875
-0.0067138671875
0.032012939453125
0.01934814453125
-0.00469970703125
-0.016510009765625
-0.008087158203125
0.014617919921875
0.008514404296875
-0.022613525390625
-0.03173828125
-0.00128173828125
0.040435791015625
0.0338134765625
-0.011016845703125
-0.028228759765625
-0.0042724609375
0.013824462890625
0.00653076171875
-0.0096435546875
-0.028900146484375
-0.007171630859375
0.041748046875
0.0303955078125
-0.01690673828125
-0.020172119140625
0.010589599609375
0.00531005859375
-0.0264892578125
-0.011749267578125
0.012359619140625
0.01776123046875
0.029144287109375
0.00054931640625
-0.033905029296875
-0.018829345703125
0.00286865234375
0.02117919921875
0.03143310546875
-0.003753662109375
-0.048187255859375
-0.02423095703125
0.018951416015625
0.004669189453125
-0.00555419921875
0.01971435546875
0.026611328125
-0.0003662109375
-0.043121337890625
-0.061676025390625
-0.018798828125
0.0401611328125
0.042144775390625
0.0152587890625
0.00347900390625
-0.00836181640625
-0.028472900390625
-0.02691650390625
0.0028076171875
0.008087158203125
0.019439697265625
0.044189453125
-0.0047607421875
-0.046783447265625
-0.010772705078125
0.013458251953125
0.031402587890625
0.039215087890625
-0.020965576171875
-0.067230224609375
-0.035247802734375
0.00531005859375
0.018402099609375
0.042327880859375
0.03826904296875
-0.011932373046875
-0.03466796875
-0.047515869140625
-0.03021240234375
0.0345458984375
0.030914306640625
-0.002227783203125
0.0135498046875
-0.003387451171875
-0.021484375
0.021759033203125
0.020965576171875
-0.02935791015625
-0.02392578125
0.008514404296875
0.005706787109375
0.01708984375
0.0333251953125
-0.0091552734375
-0.011505126953125
0.0067138671875
-0.039154052734375
-0.02392578125
0.019256591796875
-0.00054931640625
-0.00347900390625
0.018035888671875
0.002197265625
-0.03302001953125
-0.01373291015625
0.03680419921875
0.02203369140625
-0.029876708984375
-0.041534423828125
-0.033447265625
0.00140380859375
0.050201416015625
0.04754638671875
0.01947021484375
-0.009002685546875
-0.04034423828125
-0.04510498046875
-0.01043701171875
0.016357421875
0.02825927734375
0.045745849609375
0.009918212890625
-0.0345458984375
-0.02264404296875
-0.001861572265625
0.007537841796875
0.00506591796875
0.009796142578125
0.00152587890625
-0.028900146484375
-0.02197265625
-0.007568359375
0.00054931640625
0.032745361328125
0.026092529296875
-0.00030517578125
-0.005645751953125
-0.041595458984375
-0.03961181640625
0.007293701171875
0.016082763671875
0.0345458984375
0.043548583984375
0.002227783203125
-0.032073974609375
-0.033660888671875
-0.0244140625
-0.01416015625
0.01739501953125
0.04266357421875
0.034881591796875
0.01708984375
-0.02813720703125
-0.084716796875
-0.0465087890625
0.04949951171875
0.06634521484375
0.039642333984375
-0.001495361328125
-0.05938720703125
-0.067657470703125
-0.009796142578125
0.056671142578125
0.042999267578125
0.026641845703125
0.0394287109375
-0.042205810546875
-0.093475341796875
-0.01971435546875
0.0245361328125
0.035919189453125
0.07452392578125
0.047698974609375
-0.041717529296875
-0.079833984375
-0.04449462890625
0.01751708984375
0.054168701171875
0.048797607421875
0.01043701171875
-0.034820556640625
-0.04345703125
-0.019805908203125
0.0023193359375
0.0189208984375
0.03131103515625
0.02496337890625
-0.01129150390625
-0.045166015625
-0.0328369140625
-0.013763427734375
0.003936767578125
0.04412841796875
0.029510498046875
-0.0267333984375
-0.03192138671875
-0.011505126953125
-0.010528564453125
0.0078125
0.046905517578125
0.0240478515625
-0.0133056640625
0.0108642578125
-0.00054931640625
-0.05523681640625
-0.036163330078125
0.0291748046875
0.042694091796875
0.03497314453125
0.007904052734375
-0.04486083984375
-0.02825927734375
0.011566162109375
-0.014801025390625
-0.014007568359375
0.035400390625
0.013763427734375
-0.00189208984375
0.028045654296875
-0.02630615234375
-0.0513916015625
0.014862060546875
0.034698486328125
0.0213623046875
0.031158447265625
0.021575927734375
-0.0338134765625
-0.0545654296875
-0.001373291015625
0.026947021484375
0.02325439453125
0.050750732421875
0.014434814453125
-0.065216064453125
-0.034637451171875
0.025177001953125
0.0218505859375
-0.002960205078125
0.00140380859375
0.03106689453125
0.018524169921875
-0.00860595703125
-0.02789306640625
-0.03118896484375
0.018768310546875
0.040740966796875
-0.00274658203125
-0.03277587890625
-0.01239013671875
0.030517578125
0.04083251953125
0.00445556640625
-0.022857666015625
-0.0203857421875
-0.00579833984375
0.0103759765625
0.006591796875
0.003753662109375
0.020782470703125
0.0230712890625
0.001739501953125
-0.0048828125
-0.006103515625
-0.027374267578125
-0.015869140625
0.014312744140625
0.022430419921875
0.03839111328125
0.009918212890625
-0.05389404296875
-0.034423828125
0.012664794921875
-0.001678466796875
-0.0068359375
0.00811767578125
0.006134033203125
0.020599365234375
0.017486572265625
-0.030364990234375
-0.030792236328125
0.008514404296875
9.1552734375e-05
0.0064697265625
0.021240234375
-0.012298583984375
0.006561279296875
0.025054931640625
-0.0291748046875
-0.014251708984375
0.0440673828125
-0.00030517578125
-0.0458984375
-0.0120849609375
-0.000762939453125
0.032623291015625
0.069427490234375
0.00897216796875
-0.04620361328125
-0.0504150390625
-0.028167724609375
0.00982666015625
0.024932861328125
0.03485107421875
0.0404052734375
0.003143310546875
-0.053985595703125
-0.054779052734375
-0.011199951171875
0.010528564453125
0.02789306640625
0.049774169921875
0.027008056640625
-0.034515380859375
-0.060333251953125
-0.030029296875
0.005889892578125
0.02996826171875
0.03729248046875
0.016448974609375
-0.00592041015625
-0.020294189453125
-0.030853271484375
-0.02020263671875
0.0125732421875
0.045013427734375
0.041107177734375
-0.003509521484375
-0.053131103515625
-0.061676025390625
-0.00616455078125
0.066802978515625
0.0670166015625
-0.009063720703125
-0.04791259765625
-0.02459716796875
-0.00494384765625
-0.011138916015625
-0.009521484375
0.025634765625
0.038970947265625
0.009307861328125
-0.02532958984375
-0.02093505859375
0.00042724609375
-0.017730712890625
-0.008697509765625
0.037200927734375
0.031494140625
-0.005706787109375
-0.01788330078125
-0.0343017578125
-0.03961181640625
0.011932373046875
0.032470703125
0.006439208984375
0.0093994140625
0.00579833984375
-0.03143310546875
-0.045501708984375
-0.007049560546875
0.032562255859375
0.0361328125
0.000335693359375
-0.05157470703125
-0.0528564453125
-0.0032958984375
0.0413818359375
0.03509521484375
-0.01025390625
-0.0174560546875
-0.0035400390625
-0.021331787109375
-0.033599853515625
-0.02154541015625
0.009765625
0.040863037109375
0.02972412109375
0.010040283203125
-0.001617431640625
-0.0443115234375
-0.062896728515625
-0.02130126953125
0.019378662109375
0.0650634765625
0.097991943359375
0.02374267578125
-0.0787353515625
-0.08831787109375
-0.037200927734375
0.030792236328125
0.077117919921875
0.07806396484375
0.031982421875
-0.04547119140625
-0.077850341796875
-0.038604736328125
0.0045166015625
0.04022216796875
0.0738525390625
0.0303955078125
-0.05413818359375
-0.081817626953125
-0.060211181640625
-0.010894775390625
0.050933837890625
0.079681396484375
0.014190673828125
-0.062713623046875
-0.049713134765625
-0.03778076171875
-0.0140380859375
0.06903076171875
0.082366943359375
0.018096923828125
-0.023590087890625
-0.05609130859375
-0.057159423828125
0.0115966796875
0.05633544921875
0.0595703125
0.045684814453125
-0.0255126953125
-0.066070556640625
-0.033416748046875
-0.00933837890625
0.01373291015625
0.039581298828125
0.02880859375
-0.00537109375
-0.036163330078125
-0.054290771484375
-0.024139404296875
0.02490234375
0.017791748046875
0.003570556640625
0.002899169921875
-0.01702880859375
-0.008544921875
0.0167236328125
-0.019561767578125
-0.043304443359375
0.037841796875
0.08026123046875
0.0074462890625
-0.04925537109375
-0.049224853515625
-0.03759765625
0.011688232421875
0.0787353515625
0.05792236328125
0.002960205078125
-0.007659912109375
-0.037506103515625
-0.064117431640625
-0.020782470703125
0.045196533203125
0.041534423828125
0.012176513671875
0.0152587890625
-0.022613525390625
-0.03460693359375
0.01348876953125
-0.0093994140625
-0.03228759765625
0.031494140625
0.065338134765625
0.015838623046875
-0.0467529296875
-0.058624267578125
-0.007843017578125
0.04876708984375
0.046661376953125
0.000518798828125
-0.026092529296875
-0.0155029296875
-0.013641357421875
-0.01702880859375
0.008270263671875
0.034454345703125
0.034271240234375
-0.005096435546875
-0.05126953125
-0.043975830078125
-0.0052490234375
0.023040771484375
0.029388427734375
0.005035400390625
-0.01019287109375
0.021942138671875
0.019012451171875
-0.052337646484375
-0.06439208984375
0.00921630859375
0.044830322265625
0.02398681640625
0.00518798828125
-0.022613525390625
-0.00164794921875
0.04156494140625
-0.010223388671875
-0.0372314453125
-0.00775146484375
-0.001678466796875
0.01910400390625
0.01519775390625
-0.006072998046875
0.0078125
0.030548095703125
0.02325439453125
-0.033233642578125
-0.06353759765625
-0.00738525390625
0.05279541015625
0.040252685546875
0.01446533203125
-0.005462646484375
-0.04827880859375
-0.036041259765625
0.013641357421875
0.015289306640625
0.020904541015625
0.036773681640625
-0.021026611328125
-0.0675048828125
-0.002044677734375
0.03765869140625
0.0115966796875
0.017333984375
0.00347900390625
-0.036712646484375
-0.026397705078125
0.00732421875
0.029510498046875
0.02960205078125
0.022796630859375
0.022308349609375
-0.018157958984375
-0.051177978515625
-0.0311279296875
0.00653076171875
0.04278564453125
0.064239501953125
0.055267333984375
-0.031494140625
-0.100555419921875
-0.04559326171875
0.0233154296875
0.04547119140625
0.056365966796875
0.029693603515625
-0.0596923828125
-0.080413818359375
0.007568359375
0.04217529296875
0.040435791015625
0.03759765625
-0.02825927734375
-0.080902099609375
-0.05035400390625
0.015106201171875
0.04736328125
0.05377197265625
0.0404052734375
-0.018768310546875
-0.0712890625
-0.06231689453125
-0.014556884765625
0.039154052734375
0.09051513671875
0.07733154296875
-0.015289306640625
-0.07965087890625
-0.070068359375
-0.012939453125
0.03717041015625
0.05841064453125
0.04339599609375
-0.026397705078125
-0.041015625
-0.01275634765625
-0.038543701171875
-0.004730224609375
0.0623779296875
0.01446533203125
-0.0423583984375
-0.031585693359375
-0.05120849609375
-0.038055419921875
0.038848876953125
0.040679931640625
0.024169921875
0.026123046875
-0.041290283203125
-0.077239990234375
-0.02685546875
0.026611328125
0.053558349609375
0.063232421875
0.01751708984375
-0.06097412109375
-0.032806396484375
0.013946533203125
-0.012115478515625
0.013885498046875
0.059600830078125
0.035400390625
-0.03558349609375
-0.084197998046875
-0.044677734375
0.0379638671875
0.0576171875
0.019439697265625
-0.02423095703125
-0.05084228515625
-0.02392578125
0.016876220703125
0.0052490234375
-0.012847900390625
0.03485107421875
0.0545654296875
-0.036285400390625
-0.075927734375
-0.016021728515625
0.018218994140625
0.0501708984375
0.06170654296875
-0.021514892578125
-0.05389404296875
0.00201416015625
-0.005859375
-0.0218505859375
0.018280029296875
0.0560302734375
0.04901123046875
-0.035186767578125
-0.087127685546875
-0.028350830078125
0.0369873046875
0.06085205078125
0.050323486328125
-0.018890380859375
-0.08795166015625
-0.055908203125
0.00958251953125
0.0245361328125
0.029083251953125
0.025848388671875
0.006256103515625
-0.0281982421875
-0.057830810546875
-0.04693603515625
0.007720947265625
0.080780029296875
0.0799560546875
-0.01934814453125
-0.091217041015625
-0.057098388671875
-0.00433349609375
0.032684326171875
0.065643310546875
0.031402587890625
0.0123291015625
0.006927490234375
-0.07720947265625
-0.086334228515625
0.012847900390625
0.07574462890625
0.07421875
0.024200439453125
-0.046966552734375
-0.088653564453125
-0.056793212890625
0.022125244140625
0.065399169921875
0.047821044921875
0.02093505859375
0.0059814453125
-0.0550537109375
-0.09820556640625
-0.02783203125
0.0572509765625
0.088470458984375
0.058563232421875
-0.03326416015625
-0.08172607421875
-0.05218505859375
-0.00048828125
0.049652099609375
0.0732421875
0.038818359375
-0.022674560546875
-0.05267333984375
-0.079864501953125
-0.052825927734375
0.048065185546875
0.09521484375
0.07550048828125
-0.012725830078125
-0.098907470703125
-0.064849853515625
0.005859375
0.041656494140625
0.045074462890625
0.030364990234375
0.0087890625
-0.027252197265625
-0.025360107421875
-0.0120849609375
-0.026641845703125
-0.00140380859375
0.040313720703125
0.0284423828125
-0.0103759765625
-0.00653076171875
0.022735595703125
-0.001068115234375
-0.04180908203125
-0.016845703125
0.024658203125
0.02191162109375
0.025421142578125
0.001068115234375
-0.053436279296875
-0.002532958984375
0.0595703125
0.01263427734375
-0.01904296875
-0.004180908203125
-0.011627197265625
0.00543212890625
0.031158447265625
-0.025604248046875
-0.03826904296875
0.03662109375
0.03973388671875
0.008056640625
-0.016754150390625
-0.038299560546875
-0.006744384765625
0.01055908203125
0.00689697265625
0.03662109375
0.038055419921875
-0.017486572265625
-0.05438232421875
-0.047332763671875
-0.01165771484375
0.062103271484375
0.078643798828125
-0.004547119140625
-0.04168701171875
-0.022216796875
-0.018798828125
0.003753662109375
0.010711669921875
-0.010009765625
0.0045166015625
0.02703857421875
0.004638671875
-0.033599853515625
-0.031005859375
0.007904052734375
0.05987548828125
0.03656005859375
-0.065826416015625
-0.067169189453125
0.0087890625
0.0274658203125
0.031402587890625
0.040802001953125
0.010833740234375
-0.025482177734375
-0.028076171875
-0.02874755859375
-0.022979736328125
0.033447265625
0.074737548828125
0.027618408203125
-0.025787353515625
-0.038726806640625
-0.040008544921875
-0.00323486328125
0.03704833984375
0.017913818359375
-0.008697509765625
0.01123046875
0.012176513671875
-0.0262451171875
-0.024566650390625
0.016998291015625
0.0416259765625
0.0072021484375
-0.056427001953125
-0.0548095703125
0.017120361328125
0.065155029296875
0.039093017578125
-0.01873779296875
-0.0599365234375
-0.013519287109375
0.063323974609375
0.008056640625
-0.060089111328125
-0.006256103515625
0.04986572265625
0.047760009765625
0.019317626953125
-0.02239990234375
-0.021453857421875
0.027618408203125
0.027557373046875
-0.00433349609375
-0.00775146484375
-0.008392333984375
0.020660400390625
0.041900634765625
-0.004669189453125
-0.037017822265625
-0.008544921875
0.038177490234375
0.023162841796875
-0.040374755859375
-0.033660888671875
0.005096435546875
-0.00677490234375
-0.015045166015625
0.00946044921875
0.025665283203125
0.025604248046875
0.010528564453125
-0.029449462890625
-0.0599365234375
-0.030059814453125
0.032073974609375
0.030792236328125
0.020599365234375
0.0477294921875
0.00946044921875
-0.02734375
-0.019134521484375
-0.027984619140625
0.004730224609375
0.03948974609375
0.002899169921875
-0.0186767578125
0.005706787109375
0.022491455078125
0.014617919921875
-0.006500244140625
-0.02447509765625
-0.0413818359375
-0.020263671875
0.01116943359375
0.002960205078125
0.0174560546875
0.030914306640625
0.007537841796875
-0.01666259765625
-0.019012451171875
-0.0126953125
-0.038482666015625
-0.015533447265625
0.059539794921875
0.05596923828125
0.018035888671875
-0.014923095703125
-0.059661865234375
-0.0340576171875
0.014923095703125
0.004638671875
0.00604248046875
0.03857421875
0.0428466796875
0.0126953125
-0.024200439453125
-0.06488037109375
-0.055816650390625
0.021331787109375
0.03814697265625
-0.000396728515625
0.003448486328125
0.000152587890625
-0.01043701171875
0.00885009765625
0.0032958984375
-0.010955810546875
-0.00543212890625
-0.015777587890625
-0.022705078125
-0.00384521484375
0.027740478515625
0.061859130859375
0.060699462890625
-0.017364501953125
-0.07489013671875
-0.033966064453125
-0.007843017578125
0.007965087890625
0.05072021484375
0.0579833984375
0.049835205078125
0.00616455078125
-0.07421875
-0.09588623046875
-0.026641845703125
0.05035400390625
0.057220458984375
0.02874755859375
0.004486083984375
-0.000885009765625
0.003997802734375
-0.019317626953125
-0.044952392578125
-0.023590087890625
0.00494384765625
0.001922607421875
0.016998291015625
0.025634765625
0.025970458984375
0.046783447265625
-0.017791748046875
-0.08819580078125
-0.021759033203125
0.040069580078125
0.011077880859375
-0.00921630859375
0.0115966796875
0.040771484375
0.033477783203125
-0.007659912109375
-0.0242919921875
-0.027069091796875
-0.012542724609375
-0.0069580078125
-0.03009033203125
0.012359619140625
0.100494384765625
0.098419189453125
-0.032562255859375
-0.10321044921875
-0.04327392578125
-0.026275634765625
0.0093994140625
0.0565185546875
0.013214111328125
0.03729248046875
0.072357177734375
-0.02288818359375
-0.108551025390625
-0.05810546875
0.0299072265625
0.031036376953125
0.017181396484375
0.007843017578125
-0.01190185546875
0.023712158203125
0.04071044921875
-0.0230712890625
-0.059051513671875
-0.00634765625
0.024139404296875
-0.010040283203125
-0.01165771484375
0.0230712890625
0.054046630859375
0.054107666015625
-0.0145263671875
-0.0863037109375
-0.07373046875
-0.014495849609375
0.027557373046875
0.054107666015625
0.065460205078125
0.0479736328125
-0.007080078125
-0.09295654296875
-0.119964599609375
-0.02655029296875
0.06707763671875
0.067474365234375
0.037445068359375
0.005462646484375
-0.04376220703125
-0.0400390625
0.0185546875
-0.01605224609375
-0.05096435546875
0.024383544921875
0.0135498046875
-0.0284423828125
0.00811767578125
0.024993896484375
0.050079345703125
0.049041748046875
-0.03570556640625
-0.10919189453125
-0.057098388671875
0.044586181640625
0.05523681640625
0.067230224609375
0.07098388671875
-0.015899658203125
-0.067230224609375
-0.043426513671875
-0.00958251953125
0.00579833984375
0.019317626953125
0.063446044921875
0.0794677734375
-0.00042724609375
-0.08355712890625
-0.060791015625
-0.0067138671875
0.037261962890625
0.062713623046875
0.00640869140625
-0.034912109375
-0.009552001953125
-0.004180908203125
0.016815185546875
0.04437255859375
-0.010223388671875
-0.040374755859375
-0.012542724609375
-0.0438232421875
-0.028717041015625
0.07037353515625
0.077545166015625
-0.0023193359375
-0.047454833984375
-0.044586181640625
-0.011138916015625
0.039154052734375
0.028045654296875
-0.0177001953125
0.000579833984375
0.010894775390625
0.0087890625
0.02557373046875
-0.025726318359375
-0.040679931640625
0.02496337890625
0.03570556640625
0.00396728515625
-0.0233154296875
-0.0078125
0.029998779296875
0.020111083984375
-0.014801025390625
-0.0361328125
-0.017608642578125
0.01971435546875
0.032623291015625
0.000579833984375
-0.024688720703125
0.0142822265625
0.025115966796875
-0.012664794921875
-0.035736083984375
-0.030731201171875
0.007476806640625
0.025726318359375
0.013458251953125
0.006317138671875
0.002410888671875
-0.003082275390625
-0.027679443359375
-0.046600341796875
-0.014373779296875
0.02239990234375
0.037689208984375
0.02166748046875
-0.0281982421875
-0.013763427734375
0.002227783203125
-0.03076171875
-0.011688232421875
-0.006011962890625
-0.006988525390625
0.0499267578125
0.073394775390625
-0.0086669921875
-0.10205078125
-0.05133056640625
0.02069091796875
0.02728271484375
0.046630859375
-0.001129150390625
-0.04071044921875
0.01995849609375
0.03790283203125
-0.02825927734375
-0.047760009765625
0.012451171875
0.009429931640625
-0.0225830078125
0.003265380859375
0.00506591796875
0.02252197265625
0.055511474609375
0.009307861328125
-0.04144287109375
-0.032623291015625
-0.03515625
-0.02593994140625
0.036285400390625
0.061737060546875
0.070648193359375
0.054046630859375
-0.05816650390625
-0.120452880859375
-0.060302734375
0.024261474609375
0.066925048828125
0.05755615234375
0.030517578125
-0.01239013671875
-0.038848876953125
-0.030181884765625
-0.032257080078125
-0.000885009765625
0.032012939453125
-0.00909423828125
-0.024139404296875
-0.001251220703125
0.001434326171875
0.03924560546875
0.062286376953125
-0.012786865234375
-0.09033203125
-0.0595703125
0.011566162109375
0.027862548828125
0.05340576171875
0.065704345703125
-0.00909423828125
-0.06536865234375
-0.05718994140625
-0.023651123046875
0.006744384765625
0.032806396484375
0.0614013671875
0.025604248046875
-0.028533935546875
-0.0439453125
-0.034576416015625
0.029144287109375
0.066650390625
0.001556396484375
-0.06048583984375
-0.014892578125
0.035552978515625
0.014862060546875
0.012603759765625
0.0345458984375
0.00494384765625
-0.06036376953125
-0.055023193359375
-0.01373291015625
-0.0067138671875
0.031463623046875
0.06219482421875
0.0150146484375
-0.038360595703125
-0.03070068359375
-0.0164794921875
-0.0372314453125
-0.02044677734375
0.036407470703125
0.0494384765625
0.027191162109375
0.0020751953125
-0.05126953125
-0.078277587890625
-0.008636474609375
0.060394287109375
0.047943115234375
0.00701904296875
-0.019073486328125
-0.026702880859375
-0.020050048828125
-0.0115966796875
-0.0107421875
0.014129638671875
0.04150390625
0.0040283203125
-0.044403076171875
-0.03448486328125
-0.007965087890625
0.014068603515625
0.046661376953125
0.02996826171875
-0.030975341796875
-0.0406494140625
-0.02252197265625
-0.013397216796875
0.034515380859375
0.053863525390625
0.005157470703125
0.009796142578125
0.023162841796875
-0.04461669921875
-0.071136474609375
-0.0137939453125
0.024932861328125
0.043731689453125
0.075592041015625
0.043792724609375
-0.050994873046875
-0.07489013671875
-0.044952392578125
-0.027801513671875
0.0240478515625
0.055816650390625
0.040557861328125
0.032928466796875
-0.00909423828125
-0.064208984375
-0.062164306640625
-0.022674560546875
0.011627197265625
0.045166015625
0.049102783203125
-0.002655029296875
-0.036224365234375
-0.033782958984375
-0.007293701171875
0.04443359375
0.05859375
0.00103759765625
-0.042144775390625
-0.035308837890625
-0.034149169921875
0.032470703125
0.094696044921875
0.027618408203125
-0.035736083984375
-0.053436279296875
-0.065948486328125
-0.02587890625
0.046356201171875
0.058807373046875
0.03070068359375
0.005889892578125
-0.04449462890625
-0.071685791015625
-0.048431396484375
0.011138916015625
0.0616455078125
0.0421142578125
0.000274658203125
-0.028350830078125
-0.03240966796875
0.01025390625
0.05047607421875
0.023590087890625
-0.01495361328125
-0.021392822265625
-0.0240478515625
0.003387451171875
0.010223388671875
-0.007537841796875
0.0306396484375
0.062286376953125
0.01995849609375
-0.0755615234375
-0.09222412109375
0.03271484375
0.08477783203125
0.008209228515625
-0.0181884765625
-0.004669189453125
-0.028289794921875
-0.026824951171875
-0.00042724609375
-0.013153076171875
0.00811767578125
0.05517578125
0.020294189453125
-0.03363037109375
-0.02081298828125
0.0142822265625
0.005340576171875
-0.018524169921875
-0.0162353515625
0.006378173828125
0.03582763671875
0.026580810546875
-0.005950927734375
-0.005157470703125
0.0020751953125
0.006500244140625
0.01763916015625
-0.017974853515625
-0.044769287109375
-0.001312255859375
0.0045166015625
-0.001190185546875
0.047698974609375
0.03619384765625
-0.03399658203125
-0.0625
-0.03302001953125
0.019195556640625
0.039459228515625
0.02642822265625
0.010894775390625
-0.008026123046875
-0.031036376953125
-0.030059814453125
-0.01336669921875
0.002349853515625
0.025177001953125
0.0291748046875
0.030487060546875
0.024658203125
-0.0179443359375
-0.037506103515625
-0.02587890625
-0.0194091796875
-0.0068359375
0.021270751953125
0.04266357421875
0.007965087890625
-0.023590087890625
0.01190185546875
0.008819580078125
-0.015655517578125
0.007080078125
-0.01483154296875
-0.043243408203125
0.00225830078125
0.046600341796875
0.039276123046875
0.01983642578125
-0.00390625
-0.05279541015625
-0.058319091796875
-0.002899169921875
0.042266845703125
0.048370361328125
0.024169921875
0.01776123046875
-0.007720947265625
-0.068450927734375
-0.062774658203125
-0.00567626953125
0.03045654296875
0.041473388671875
0.046173095703125
0.008544921875
-0.06158447265625
-0.030120849609375
0.044891357421875
0.01953125
-0.00994873046875
0.003997802734375
-0.011871337890625
-0.01910400390625
0.002685546875
0.01275634765625
0.020751953125
0.031982421875
0.009918212890625
-0.044189453125
-0.07135009765625
-0.04437255859375
0.01617431640625
0.073516845703125
0.06988525390625
-0.01153564453125
-0.0721435546875
-0.068756103515625
-0.05499267578125
0.00714111328125
0.0853271484375
0.0577392578125
-0.026824951171875
-0.0509033203125
-0.042266845703125
-0.023956298828125
0.0421142578125
0.050811767578125
0.003631591796875
-0.00439453125
-0.033172607421875
-0.041290283203125
0.00445556640625
0.035400390625
0.045562744140625
0.028533935546875
-0.005584716796875
-0.03436279296875
-0.045501708984375
-0.03692626953125
-0.00054931640625
0.060821533203125
0.065185546875
0.0018310546875
-0.050018310546875
-0.065032958984375
-0.0374755859375
0.005584716796875
0.02947998046875
0.0562744140625
0.0498046875
-0.017547607421875
-0.052459716796875
-0.0518798828125
-0.050140380859375
0.01324462890625
0.091339111328125
0.079437255859375
-0.008209228515625
-0.06988525390625
-0.06781005859375
-0.03009033203125
0.041107177734375
0.072265625
0.0250244140625
-0.021697998046875
-0.0406494140625
-0.054351806640625
-0.0396728515625
0.020843505859375
0.0587158203125
0.05377197265625
0.032318115234375
-0.032318115234375
-0.10223388671875
-0.085174560546875
0.029022216796875
0.11187744140625
0.088623046875
0.025634765625
-0.05426025390625
-0.087158203125
-0.03912353515625
0.00201416015625
0.052520751953125
0.09136962890625
0.03515625
-0.022216796875
-0.031982421875
-0.0693359375
-0.05230712890625
0.060272216796875
0.084320068359375
0.011566162109375
-0.01007080078125
-0.040863037109375
-0.088714599609375
-0.030487060546875
0.056549072265625
0.08697509765625
0.076812744140625
-0.00286865234375
-0.098876953125
-0.11322021484375
-0.028564453125
0.08050537109375
0.1092529296875
0.071380615234375
-0.007843017578125
-0.103271484375
-0.101959228515625
-0.02166748046875
0.0518798828125
0.095245361328125
0.06475830078125
-0.009735107421875
-0.06640625
-0.089813232421875
-0.041259765625
0.056060791015625
0.098968505859375
0.043914794921875
-0.038970947265625
-0.064178466796875
-0.06219482421875
-0.040924072265625
0.03546142578125
0.066864013671875
0.01971435546875
-0.014312744140625
-0.02239990234375
-0.029510498046875
-0.039947509765625
-0.023681640625
0.0308837890625
0.068145751953125
0.047637939453125
-0.02471923828125
-0.074615478515625
-0.0548095703125
-0.021697998046875
0.0164794921875
0.065582275390625
0.058837890625
-0.001708984375
-0.042755126953125
-0.051971435546875
-0.033843994140625
0.01873779296875
0.0582275390625
0.040679931640625
-0.0050048828125
-0.038177490234375
-0.051666259765625
-0.0306396484375
0.023040771484375
0.063812255859375
0.041473388671875
-0.018707275390625
-0.039306640625
-0.044097900390625
-0.042694091796875
0.010406494140625
0.06072998046875
0.05914306640625
0.0076904296875
-0.056671142578125
-0.064697265625
-0.03448486328125
-0.002838134765625
0.038360595703125
0.049896240234375
0.017364501953125
0.00299072265625
-0.00262451171875
-0.045806884765625
-0.05401611328125
0.0118408203125
0.044403076171875
0.02484130859375
0.0162353515625
-0.02886962890625
-0.05987548828125
0.012054443359375
0.056243896484375
0.02471923828125
-0.000213623046875
-0.028472900390625
-0.06072998046875
-0.040771484375
0.01727294921875
0.0382080078125
0.047027587890625
0.0484619140625
-0.01483154296875
-0.07000732421875
-0.05560302734375
-0.019561767578125
0.02740478515625
0.07196044921875
0.06170654296875
0.028564453125
-0.02484130859375
-0.0799560546875
-0.041595458984375
0.011871337890625
0.025238037109375
0.042694091796875
0.048309326171875
0.028594970703125
-0.014251708984375
-0.026031494140625
-0.010498046875
-0.0137939453125
-0.015899658203125
-0.0018310546875
0.007080078125
-0.000701904296875
0.013946533203125
0.02447509765625
0.00421142578125
0.001800537109375
0.00665283203125
-0.016021728515625
-0.038360595703125
-0.016204833984375
0.009063720703125
0.015625
0.05157470703125
0.060638427734375
-0.014739990234375
-0.072021484375
-0.049346923828125
-0.0159912109375
0.001617431640625
0.0224609375
0.031097412109375
0.02557373046875
0.018707275390625
-0.024139404296875
-0.069366455078125
-0.045257568359375
-0.003509521484375
0.01983642578125
0.04974365234375
0.064239501953125
0.01910400390625
-0.0357666015625
-0.027618408203125
-0.02301025390625
-0.025421142578125
0.019775390625
0.032135009765625
0.00360107421875
-0.003173828125
0.0042724609375
0.022430419921875
0.02099609375
-0.00494384765625
-0.0157470703125
-0.031707763671875
-0.037139892578125
-0.002471923828125
0.019287109375
0.0157470703125
0.0321044921875
0.045074462890625
0.001434326171875
-0.045562744140625
-0.034820556640625
-0.009979248046875
0.01202392578125
0.037200927734375
0.025390625
0.003082275390625
0.02557373046875
0.03857421875
-0.002685546875
-0.033782958984375
-0.02996826171875
-0.02996826171875
-0.001708984375
0.047821044921875
0.03814697265625
0.015838623046875
-0.000885009765625
-0.051971435546875
-0.048675537109375
-0.00592041015625
-0.005126953125
-0.003173828125
0.0145263671875
0.0262451171875
0.0084228515625
-0.028717041015625
-0.027862548828125
0.009490966796875
0.024139404296875
-0.005859375
-0.015838623046875
-0.0020751953125
-0.000640869140625
0.012725830078125
0.01416015625
0.0028076171875
0.00433349609375
-0.0068359375
-0.0302734375
-0.03424072265625
-0.01531982421875
0.020263671875
0.05242919921875
0.029327392578125
-0.0177001953125
-0.04046630859375
-0.045318603515625
-0.029022216796875
-0.00506591796875
0.018524169921875
0.0400390625
0.04241943359375
0.010345458984375
-0.02813720703125
-0.04119873046875
-0.005828857421875
0.04718017578125
0.014801025390625
-0.0357666015625
-0.0068359375
0.023406982421875
0.02276611328125
0.013519287109375
-0.0078125
-0.005889892578125
0.01678466796875
0.014007568359375
0.0008544921875
-0.003997802734375
-0.0081787109375
-0.015167236328125
-0.010345458984375
0.016265869140625
0.0264892578125
0.01080322265625
-0.009613037109375
-0.02490234375
-0.035003662109375
-0.025543212890625
0.030120849609375
0.071197509765625
0.036346435546875
-0.03302001953125
-0.05767822265625
-0.030792236328125
-0.008758544921875
0.0162353515625
0.034088134765625
0.02362060546875
0.014373779296875
-0.01141357421875
-0.0223388671875
0.0078125
-0.00872802734375
-0.015716552734375
0.0450439453125
0.015228271484375
-0.0513916015625
-0.017974853515625
0.002716064453125
-0.0025634765625
0.00189208984375
0.00262451171875
0.022308349609375
0.027099609375
0.016082763671875
-0.028564453125
-0.075103759765625
-0.008941650390625
0.079315185546875
0.04791259765625
-0.00823974609375
-0.001220703125
-0.013641357421875
-0.0380859375
0.000762939453125
0.022430419921875
-0.00384521484375
0.028533935546875
0.055816650390625
-0.020843505859375
-0.074554443359375
-0.03253173828125
-0.004119873046875
-0.00189208984375
0.02044677734375
0.014862060546875
-0.003875732421875
-0.001800537109375
-0.005096435546875
-0.0029296875
0.020721435546875
0.02801513671875
-0.016510009765625
-0.050689697265625
-0.025970458984375
0.00482177734375
0.0274658203125
0.048431396484375
0.04486083984375
0.0283203125
-0.014617919921875
-0.066192626953125
-0.041534423828125
0.007965087890625
0.022491455078125
0.06396484375
0.064910888671875
-0.020477294921875
-0.064239501953125
-0.042449951171875
-0.013885498046875
0.017852783203125
0.047210693359375
0.027191162109375
-0.021484375
-0.021636962890625
-0.014129638671875
-0.010284423828125
0.013519287109375
-0.009429931640625
-0.0242919921875
0.0079345703125
-0.00335693359375
-0.020660400390625
-0.00469970703125
0.013092041015625
0.041961669921875
0.036651611328125
-0.017578125
-0.04620361328125
-0.0303955078125
-0.002899169921875
0.015960693359375
0.042236328125
0.06414794921875
0.036041259765625
-0.01544189453125
-0.04925537109375
-0.05047607421875
-0.016876220703125
0.030120849609375
0.05517578125
0.026824951171875
-0.009521484375
-0.020782470703125
-0.029876708984375
-0.023834228515625
-0.002197265625
0.015045166015625
0.02166748046875
0.022369384765625
-0.003265380859375
-0.035980224609375
-0.010833740234375
0.01971435546875
-9.1552734375e-05
-0.011962890625
0.009429931640625
0.00439453125
-0.01910400390625
-0.002105712890625
0.03680419921875
0.04443359375
0.00897216796875
-0.013824462890625
-0.02862548828125
-0.043853759765625
-0.012451171875
0.01885986328125
0.02685546875
0.0469970703125
0.047210693359375
-0.013397216796875
-0.07366943359375
-0.053466796875
0.013214111328125
0.057281494140625
0.04339599609375
-0.00177001953125
-0.028472900390625
-0.02960205078125
0.00384521484375
0.0174560546875
0.006866455078125
0.037933349609375
0.022918701171875
-0.024017333984375
-0.012298583984375
-0.01336669921875
0.002349853515625
0.056060791015625
0.048614501953125
-0.0079345703125
-0.04583740234375
-0.0511474609375
-0.04010009765625
0.00885009765625
0.06591796875
0.055450439453125
0.027923583984375
0.000946044921875
-0.064208984375
-0.085968017578125
-0.031036376953125
0.022247314453125
0.05792236328125
0.06243896484375
0.025390625
-0.01666259765625
-0.063873291015625
-0.0634765625
-0.00604248046875
0.03253173828125
0.058837890625
0.054718017578125
-0.006744384765625
-0.05462646484375
-0.044189453125
-0.023834228515625
0.004913330078125
0.0633544921875
0.056671142578125
-0.014984130859375
-0.041290283203125
-0.042022705078125
-0.031829833984375
0.018585205078125
0.05487060546875
0.04669189453125
3.0517578125e-05
-0.0477294921875
-0.048431396484375
-0.038787841796875
-0.011810302734375
0.062530517578125
0.087860107421875
0.008544921875
-0.05792236328125
-0.06524658203125
-0.052947998046875
0.00634765625
0.053009033203125
0.049560546875
0.033721923828125
-0.005462646484375
-0.044036865234375
-0.061737060546875
-0.041717529296875
0.021331787109375
0.08953857421875
0.09014892578125
0.011474609375
-0.044525146484375
-0.066131591796875
-0.041229248046875
0.048431396484375
0.08367919921875
0.02191162109375
-0.02996826171875
-0.021209716796875
-0.0228271484375
-0.02484130859375
0.00946044921875
0.047027587890625
0.067596435546875
0.01220703125
-0.06768798828125
-0.068359375
-0.035247802734375
0.00555419921875
0.06378173828125
0.0784912109375
0.023956298828125
-0.02581787109375
-0.039215087890625
-0.047149658203125
-0.030120849609375
0.028839111328125
0.065887451171875
0.04071044921875
0.000885009765625
-0.027557373046875
-0.039642333984375
-0.022979736328125
0.0037841796875
0.018646240234375
0.027252197265625
0.031494140625
0.001373291015625
-0.04345703125
-0.0487060546875
-0.023468017578125
0.014892578125
0.050628662109375
0.033782958984375
-0.025543212890625
-0.045196533203125
-0.02496337890625
-0.016204833984375
0.01995849609375
0.062164306640625
0.024871826171875
-0.02685546875
-0.036651611328125
-0.044219970703125
-0.026611328125
0.0242919921875
0.055572509765625
0.05224609375
0.02105712890625
-0.023162841796875
-0.06195068359375
-0.076080322265625
-0.0205078125
0.0599365234375
0.066619873046875
0.025054931640625
-0.007080078125
-0.046295166015625
-0.072418212890625
-0.0364990234375
0.016448974609375
0.04803466796875
0.0660400390625
0.032928466796875
-0.049041748046875
-0.0810546875
-0.0406494140625
-0.002716064453125
0.039703369140625
0.077911376953125
0.061126708984375
0.00543212890625
-0.042724609375
-0.043365478515625
-0.017608642578125
0.03326416015625
0.096832275390625
0.08660888671875
0.00311279296875
-0.04986572265625
-0.0313720703125
-0.02642822265625
-0.01519775390625
0.043212890625
0.04608154296875
0.011260986328125
-0.010589599609375
-0.04168701171875
-0.043670654296875
-0.004058837890625
0.027801513671875
0.021270751953125
0.00689697265625
-0.0020751953125
-0.03326416015625
-0.039031982421875
0.002532958984375
0.027099609375
0.030517578125
0.020660400390625
0.0086669921875
0.0150146484375
0.003814697265625
-0.01470947265625
-0.012115478515625
-0.008758544921875
-0.01751708984375
-0.001129150390625
0.034027099609375
0.0107421875
-0.017333984375
-0.0211181640625
-0.0484619140625
-0.029022216796875
0.022613525390625
0.0205078125
-0.008819580078125
-0.022552490234375
-0.039337158203125
-0.046417236328125
-0.014312744140625
0.00750732421875
0.007568359375
0.009124755859375
0.010406494140625
0.00482177734375
-0.01177978515625
-0.018402099609375
-0.00262451171875
0.02459716796875
0.020965576171875
0.0018310546875
0.00213623046875
0.00054931640625
-0.001739501953125
-0.010711669921875
-0.01373291015625
-0.0003662109375
0.005706787109375
0.009765625
0.0087890625
-0.005523681640625
-0.01416015625
-0.00225830078125
0.001556396484375
-0.014007568359375
-0.010589599609375
0.00311279296875
0.009979248046875
0.013153076171875
-0.00238037109375
-0.00897216796875
0.0113525390625
0.01837158203125
0.00341796875
-0.001556396484375
0.009613037109375
0.006988525390625
-0.022735595703125
-0.0399169921875
-0.002716064453125
0.044403076171875
0.0321044921875
-0.007537841796875
-0.033447265625
-0.05206298828125
-0.03338623046875
0.00323486328125
0.00616455078125
0.0103759765625
0.02679443359375
0.0052490234375
-0.0394287109375
-0.049591064453125
-0.022216796875
0.025665283203125
0.057861328125
0.02581787109375
-0.02191162109375
-0.016387939453125
0.00555419921875
-0.004974365234375
-0.013671875
0.008880615234375
0.027069091796875
0.02734375
0.006011962890625
-0.031341552734375
-0.035186767578125
-0.005584716796875
0.01763916015625
0.023223876953125
0.012115478515625
-0.010467529296875
-0.023956298828125
-0.032562255859375
-0.03497314453125
